OTU ID	C3.110101	8.031003	2.071703	C11.092001	2.40301	7.051803	7.042002	7.070101	4.020701	7.030803	4.010402	4.011602	4.120403	C14.112902	4.112003	10.120602	2.062501	C11.120501	10.061303	8.111401	3.80403	3.052601	2.021503	8.050603	8.011403	7.112902.06.MC044	3.111301.MC026	7.010201.MC242	3.011101.MC225	C11.112101.MC085	C3.092002.MC079	C3.112902.MC078	C14.110102.MC102	2.051801.MC214	7.021304.MC295	10.100501.MC108	10.110901.MC063	2.081802.MC222	2.110501.MC018	7.100101.MC257	4.052802.MC029	7.081001.MC002	4.041101.MC293	7.111402.MC259	2.022002.06.MC210	3.70501.MC223	8.030605.MC276	8.040303.MC045	4.062101.MC043	8.121401.MC285	KEGG_Pathways
"1,1,1-Trichloro-2,2-bis(4-chlorophenyl)ethane (DDT) degradation"	2	0	0	0	0	1	0	7	0	0	0	0	0	0	0	0	0	0	0	0	0	0	0	0	0	0	5	0	0	11	0	0	0	0	0	5	0	0	0	1	0	0	0	0	8	0	0	0	0	0	"Metabolism; Xenobiotics Biodegradation and Metabolism; 1,1,1-Trichloro-2,2-bis(4-chlorophenyl)ethane (DDT) degradation"
ABC transporters	71461	24159	95436	43364	153234	102670	27989	90954	34984	12026	49820	32593	131994	371084	75944	19714	41592	49687	5027	65179	12002	32205	66392	61930	32558	187525	10418	17392	37592	55279	56372	53679	238653	34318	17603	84400	118359	151728	140666	201328	122580	30646	46899	91570	6674	68270	22664	36185	91562	47887	Environmental Information Processing; Membrane Transport; ABC transporters
Adherens junction	0	0	0	0	0	0	0	0	0	0	0	0	0	0	0	0	0	0	0	0	0	0	0	0	0	0	0	0	0	0	0	0	0	0	0	0	0	0	0	0	0	0	0	0	0	0	0	0	0	0	Cellular Processes; Cell Communication; Adherens junction
Adipocytokine signaling pathway	2136	1012	766	561	598	2352	1992	1476	3161	726	1423	1125	982	4347	103	94	1769	1548	134	3470	94	404	157	3156	1541	1577	354	120	974	2421	764	1893	1052	15	654	9023	31	8345	6282	1213	2007	1790	1086	68	100	7056	1162	1445	3016	2473	Organismal Systems; Endocrine System; Adipocytokine signaling pathway
African trypanosomiasis	313	212	118	20	4	4	53	115	49	17	251	273	248	615	6	42	427	371	22	867	3	8	255	787	368	307	68	32	67	21	96	438	33	3	144	6	19	2067	1551	96	194	376	262	393	3	3	72	317	665	632	Human Diseases; Infectious Diseases; African trypanosomiasis
"Alanine, aspartate and glutamate metabolism"	23001	6852	14867	12173	18973	38105	19508	28867	27969	7109	15010	9121	35595	91928	19032	5070	12368	14498	1708	20102	3099	8573	10182	18835	9872	47689	3706	4718	16197	30216	15793	16451	57174	7877	5454	88478	27499	47223	41939	51796	32917	12535	12523	13428	1829	69533	11229	10212	27840	14474	"Metabolism; Amino Acid Metabolism; Alanine, aspartate and glutamate metabolism"
Aldosterone-regulated sodium reabsorption	0	0	0	0	0	0	0	0	0	0	0	0	0	0	0	0	0	0	0	0	0	0	0	0	0	0	0	0	0	0	0	0	0	0	0	0	0	0	0	0	0	0	0	0	0	0	0	0	0	0	Organismal Systems; Excretory System; Aldosterone-regulated sodium reabsorption
Alzheimer's disease	904	331	600	518	732	1400	671	1097	896	241	682	435	1495	3664	784	233	550	659	66	929	147	366	689	868	469	1956	167	213	669	982	614	700	2275	319	230	2285	1143	2154	1881	2122	1382	553	616	905	79	1805	447	489	1213	698	Human Diseases; Neurodegenerative Diseases; Alzheimer's disease
Amino acid metabolism	3890	685	5234	3038	9067	8557	3027	6355	4544	1252	2302	1025	7835	24508	4480	902	954	1854	294	1159	782	865	2982	1243	730	12110	590	1167	1929	4786	3508	2036	16434	2234	699	11410	7744	2664	4017	6164	6748	1282	2153	4124	334	8938	1725	1174	4315	852	Unclassified; Metabolism; Amino acid metabolism
Amino acid related enzymes	28696	9712	20672	17201	27580	45037	22698	34290	31101	8140	20923	12458	44524	121315	23362	6656	16533	20115	2030	27076	4726	11069	16960	25188	13593	59594	4858	6528	21735	33642	18962	20907	74447	9556	6904	82022	34082	62723	55216	70458	44904	17116	18596	21955	2651	64820	13227	13660	36257	19447	Metabolism; Amino Acid Metabolism; Amino acid related enzymes
Amino sugar and nucleotide sugar metabolism	31714	9484	32447	13962	44467	58294	31527	41153	42961	11176	23699	14670	50866	125247	30993	8382	17275	20285	2344	27264	3673	11782	18997	25515	14155	63686	4938	7674	22558	41831	21966	23244	77795	10918	7528	117931	37090	64604	56751	78856	46974	18071	18147	25243	2180	92440	15799	15154	37860	19623	Metabolism; Carbohydrate Metabolism; Amino sugar and nucleotide sugar metabolism
Aminoacyl-tRNA biosynthesis	23010	8788	16655	12660	21487	31685	15913	25698	20326	5507	17177	11422	36710	98033	19605	6099	14840	17397	1632	25128	3799	9130	11444	23190	12689	47066	4197	5343	17347	23256	14856	18291	58122	7331	5894	50377	26300	57744	49401	55527	35977	15050	15402	13731	2120	39957	9611	11578	31427	17929	Genetic Information Processing; Translation; Aminoacyl-tRNA biosynthesis
Aminobenzoate degradation	1645	404	2446	1294	4573	2335	2492	1481	4210	828	1408	915	1147	5548	1533	730	729	923	86	1043	318	708	1516	926	622	960	362	364	1754	2470	573	775	2223	82	234	6805	264	2390	2017	2900	2649	849	944	1780	149	5338	987	708	1501	952	Metabolism; Xenobiotics Biodegradation and Metabolism; Aminobenzoate degradation
Amoebiasis	82	5	282	23	546	142	284	174	583	86	110	3	6	1806	5	12	18	12	1	0	0	0	20	1	1	120	6	7	34	65	29	12	785	6	12	1	3	13	24	168	328	15	35	2	8	0	1	16	104	0	Human Diseases; Infectious Diseases; Amoebiasis
Amyotrophic lateral sclerosis (ALS)	243	55	413	38	569	807	175	742	99	64	203	22	1225	1183	487	76	60	59	30	4	72	35	591	21	28	1464	32	71	24	123	398	236	1148	315	67	22	1125	55	323	542	510	28	261	798	37	80	332	135	225	35	Human Diseases; Neurodegenerative Diseases; Amyotrophic lateral sclerosis (ALS)
Antigen processing and presentation	569	56	452	484	682	1396	568	973	837	224	326	57	1210	3041	539	103	116	178	43	8	93	357	256	70	45	1629	105	190	409	927	513	265	2239	312	81	2278	1048	90	324	1964	1178	155	239	473	48	1801	256	154	533	19	Organismal Systems; Immune System; Antigen processing and presentation
Apoptosis	9	16	0	2	13	0	0	0	0	0	0	1	5	2	2	1	1	106	1	54	3	0	53	4	53	10	2	4	0	4	0	0	1	0	0	0	3	4	12	0	1	0	0	10	0	0	14	8	4	30	Cellular Processes; Cell Growth and Death; Apoptosis
Arachidonic acid metabolism	156	97	70	345	166	2	18	16	42	2	172	127	66	147	292	118	18	129	14	55	70	9	635	86	61	40	44	191	141	593	66	25	63	9	13	2268	123	92	94	22	127	42	293	882	70	1757	393	223	59	93	Metabolism; Lipid Metabolism; Arachidonic acid metabolism
Arginine and proline metabolism	23948	6589	17260	16305	24238	38866	20200	29148	29755	7340	16623	8987	35851	107552	18965	5199	12177	14648	1667	18458	4027	10325	14793	17523	9065	48078	3906	4968	17714	30681	15816	15714	67314	8000	5245	81756	28085	43616	39316	58323	40308	11748	14383	19773	2210	64790	11181	10200	28624	13565	Metabolism; Amino Acid Metabolism; Arginine and proline metabolism
Arrhythmogenic right ventricular cardiomyopathy (ARVC)	0	0	0	0	0	0	0	0	0	0	0	0	0	0	0	0	0	0	0	0	0	0	0	0	0	0	0	0	0	0	0	0	0	0	0	0	0	0	0	0	0	0	0	0	0	0	0	0	0	0	Human Diseases; Cardiovascular Diseases; Arrhythmogenic right ventricular cardiomyopathy (ARVC)
Ascorbate and aldarate metabolism	3609	1230	4508	510	5815	8035	2200	6488	2437	915	2350	2022	8688	12908	5240	1029	2139	2392	320	3618	370	489	4567	3498	1617	13756	405	871	2489	2306	3802	3233	11446	2505	1134	4666	8731	9094	8944	6540	4401	2892	2515	6626	310	3656	1649	2147	4787	2599	Metabolism; Carbohydrate Metabolism; Ascorbate and aldarate metabolism
Atrazine degradation	242	42	584	376	1207	1	2	8	43	4	235	24	37	3077	21	1	56	340	2	115	31	3	942	19	69	233	19	18	79	148	62	22	1611	22	7	5	34	64	53	189	665	6	223	1179	31	1	105	135	222	60	Metabolism; Xenobiotics Biodegradation and Metabolism; Atrazine degradation
Bacterial chemotaxis	6310	956	10072	5924	19511	6620	716	5917	2261	545	5017	1425	7927	25772	4045	1042	2219	1988	301	1846	1098	4321	6812	2391	916	13102	767	1975	6213	4141	4007	2384	18555	2702	838	2545	8472	4899	5859	55651	15342	582	3423	10916	343	2195	1144	2300	5020	1871	Cellular Processes; Cell Motility; Bacterial chemotaxis
Bacterial invasion of epithelial cells	0	1	11	0	12	0	0	0	0	1	0	24	1	1	0	0	2	0	0	0	0	0	38	11	0	1	1	26	0	2	0	0	6	1	1	1	1	14	19	0	6	3	10	8	2	5	14	10	3	11	Human Diseases; Infectious Diseases; Bacterial invasion of epithelial cells
Bacterial motility proteins	10593	1866	18446	10327	36338	4615	2466	4699	6517	893	11082	2907	6405	22989	2593	1670	3707	2051	304	2672	1986	6121	21188	4185	1380	7892	2028	5089	13552	5625	3292	2858	13795	1805	889	515	4950	8754	8341	96205	26849	2228	7766	33905	587	479	3188	5648	6113	3300	Cellular Processes; Cell Motility; Bacterial motility proteins
Bacterial secretion system	10121	3378	6557	6695	8801	18876	8338	14020	12220	3274	7106	4192	16835	40302	9336	2473	5156	6516	714	8504	1798	4007	12084	8145	4381	23641	1812	2875	6607	11409	7336	6928	27370	4145	2400	25255	15009	19839	18334	23053	15237	5116	6855	16920	973	19880	5641	5592	12092	6598	Environmental Information Processing; Membrane Transport; Bacterial secretion system
Bacterial toxins	3554	1392	2679	1242	2856	5454	3340	4672	4146	1081	2351	1960	7717	13795	3402	1014	2642	2883	321	4583	362	1129	1400	4199	2378	8356	576	840	1846	3615	2631	3603	7895	1255	1055	11352	4340	10668	9153	4514	4455	2896	2112	993	193	8907	1241	1854	5295	3285	Environmental Information Processing; Signaling Molecules and Interaction; Bacterial toxins
Basal transcription factors	6	0	1	0	0	0	0	0	0	0	0	0	1	0	0	0	0	0	0	0	0	0	64	0	1	0	0	1	0	0	0	0	0	0	0	0	1	0	0	0	0	0	0	9	0	0	0	0	0	0	Genetic Information Processing; Transcription; Basal transcription factors
Base excision repair	8105	2547	6764	4695	9493	13103	6270	10436	8584	2220	5848	3641	14346	38435	8652	2448	4287	5523	596	6688	1251	2958	5802	6286	3586	18911	1352	2148	5623	9204	5858	5796	24636	3179	1858	20576	11102	15471	14234	18476	13111	4214	5043	7458	796	16245	3948	3835	9960	4842	Genetic Information Processing; Replication and Repair; Base excision repair
Benzoate degradation	3467	976	4116	4136	7045	4381	2573	3606	3426	805	2760	1516	5525	14136	3663	1274	1531	1864	224	1994	946	1784	3405	2044	1179	5920	791	1147	3244	4199	2099	1983	7382	1046	586	9148	3863	4688	4549	4913	5878	1551	2604	4937	503	7271	1651	1440	3631	1782	Metabolism; Xenobiotics Biodegradation and Metabolism; Benzoate degradation
Betalain biosynthesis	0	0	0	0	0	0	0	0	0	0	0	0	0	0	0	0	0	0	0	0	0	0	0	0	0	0	0	0	0	0	0	0	1	0	0	0	0	0	0	0	0	0	0	0	0	0	0	0	0	0	Metabolism; Biosynthesis of Other Secondary Metabolites; Betalain biosynthesis
Bile secretion	0	0	0	0	0	0	0	0	0	0	0	0	0	0	0	0	0	0	0	0	0	0	0	0	0	0	0	0	0	0	0	0	0	0	0	0	0	0	0	0	0	0	0	0	0	0	0	0	0	0	Organismal Systems; Digestive System; Bile secretion
Biosynthesis and biodegradation of secondary metabolites	1078	127	1346	802	2332	2776	914	1856	1488	429	608	178	1831	5663	1198	205	171	362	71	65	147	674	2842	99	56	3274	111	196	694	1645	1002	387	4388	651	163	4531	2252	252	788	2757	1828	349	674	4323	74	3569	768	608	622	159	Unclassified; Metabolism; Biosynthesis and biodegradation of secondary metabolites
"Biosynthesis of 12-, 14- and 16-membered macrolides"	0	0	0	0	0	0	0	0	0	0	0	0	0	0	0	0	0	0	0	0	0	0	0	0	0	0	0	0	0	0	0	0	0	0	0	0	0	0	0	0	0	0	0	0	0	0	0	0	0	0	"Metabolism; Metabolism of Terpenoids and Polyketides; Biosynthesis of 12-, 14- and 16-membered macrolides"
Biosynthesis of ansamycins	2435	433	4168	1350	6884	4619	954	3873	1220	447	1656	615	5297	10594	2697	484	856	1183	191	998	395	1422	1232	1007	531	8010	293	527	2120	2752	2482	1471	8256	1597	488	6854	5381	2361	3145	8748	4602	957	1237	1847	194	5485	518	629	2340	690	Metabolism; Metabolism of Terpenoids and Polyketides; Biosynthesis of ansamycins
Biosynthesis of siderophore group nonribosomal peptides	178	149	90	104	39	581	463	266	721	167	413	164	143	81	291	162	27	74	9	12	165	35	1941	72	45	43	111	122	268	639	73	42	81	13	30	2257	252	173	164	149	458	78	506	2768	15	1766	566	416	297	114	Metabolism; Metabolism of Terpenoids and Polyketides; Biosynthesis of siderophore group nonribosomal peptides
Biosynthesis of type II polyketide backbone	0	0	0	0	0	0	0	0	0	0	0	0	0	0	0	0	0	0	0	0	0	0	0	0	0	0	0	0	0	0	0	0	0	0	0	0	0	0	0	0	0	0	0	0	0	0	0	0	0	0	Metabolism; Metabolism of Terpenoids and Polyketides; Biosynthesis of type II polyketide backbone
Biosynthesis of type II polyketide products	0	0	0	0	0	0	0	0	0	0	0	0	0	0	0	0	0	0	0	0	0	0	0	0	0	0	1	0	0	0	0	0	0	3	1	0	2	0	0	0	0	0	0	0	0	0	32	8	0	25	Metabolism; Metabolism of Terpenoids and Polyketides; Biosynthesis of type II polyketide products
Biosynthesis of unsaturated fatty acids	2501	805	2997	1452	4919	2365	1277	2247	1723	431	1561	1367	3288	9472	2306	741	1598	1624	155	2686	346	1067	3592	2581	1252	4122	429	663	1460	2049	1442	1878	5447	698	609	4582	2299	6417	5378	4906	3509	1206	1531	5320	182	3640	1070	1591	3275	2152	Metabolism; Lipid Metabolism; Biosynthesis of unsaturated fatty acids
Biosynthesis of vancomycin group antibiotics	1160	341	892	558	1151	1843	1047	1312	1366	346	760	404	1475	5465	826	228	561	671	87	930	128	381	379	862	468	2526	234	226	996	2008	801	756	3049	321	271	6776	1115	2288	2119	3734	1837	1063	679	514	115	5304	591	497	1388	664	Metabolism; Metabolism of Terpenoids and Polyketides; Biosynthesis of vancomycin group antibiotics
Biotin metabolism	2340	579	1644	920	2011	5933	3270	3829	4744	1198	2122	576	4328	13669	1935	457	752	1140	178	939	597	810	2055	978	551	5768	456	600	1976	4059	1809	1382	8921	954	467	11338	3546	2383	2661	8927	4561	933	1763	2633	337	8892	1845	880	3009	732	Metabolism; Metabolism of Cofactors and Vitamins; Biotin metabolism
Bisphenol degradation	1931	341	2604	1078	4080	4471	1838	2946	2290	693	1288	503	3853	8174	1868	414	767	856	147	888	258	763	93	855	468	4854	218	224	1502	2655	1629	1260	5830	964	389	6804	3176	2181	2390	3874	3443	262	820	124	216	5427	635	507	1908	679	Metabolism; Xenobiotics Biodegradation and Metabolism; Bisphenol degradation
Bladder cancer	1	32	6	0	10	0	0	1	0	1	0	6	7	0	1	0	0	0	0	0	1	0	316	13	15	4	6	42	1	2	3	2	6	1	0	3	9	37	20	0	14	5	26	399	0	3	39	83	1	4	Human Diseases; Cancers; Bladder cancer
Butanoate metabolism	12007	3305	11498	11198	19397	16817	7642	12627	10286	2706	7465	4734	16675	46660	10098	3016	5629	6827	770	8530	2191	4423	11876	8330	4410	22733	2089	3467	10014	13497	7473	7147	27752	3952	2348	29878	13737	20262	18721	24585	17854	4814	7210	16912	1636	23591	4922	5616	12573	6542	Metabolism; Carbohydrate Metabolism; Butanoate metabolism
Butirosin and neomycin biosynthesis	1720	541	1315	995	1817	2286	1539	1443	1845	460	1156	745	2033	5012	875	301	1091	1146	98	1799	161	702	397	1648	873	2068	222	218	1333	1495	812	1268	2691	326	410	2282	1066	4153	3303	5426	2229	820	786	510	66	1813	616	782	2085	1275	Metabolism; Biosynthesis of Other Secondary Metabolites; Butirosin and neomycin biosynthesis
C5-Branched dibasic acid metabolism	7297	2724	6487	3806	9309	9201	4222	7528	5632	1559	5125	2972	10473	34686	4238	1158	4826	5633	482	8251	1073	3211	4782	7516	4006	14858	1235	1118	5218	6382	4623	5752	20244	2259	1868	13741	7899	19187	16264	15658	11236	3644	4665	6099	679	10887	3058	3945	10302	5894	Metabolism; Carbohydrate Metabolism; C5-Branched dibasic acid metabolism
CAM ligands	0	0	0	0	0	0	0	0	0	0	0	0	0	0	0	0	0	0	0	0	0	0	0	0	0	0	0	0	0	0	0	0	0	0	0	0	0	0	0	0	0	0	0	0	0	0	0	0	0	0	Environmental Information Processing; Signaling Molecules and Interaction; CAM ligands
Caffeine metabolism	0	0	0	0	0	0	0	0	0	0	0	0	0	0	0	0	0	0	0	0	0	0	0	0	0	0	0	0	0	0	0	0	0	0	0	0	0	0	0	0	0	0	0	0	0	0	0	0	0	0	Metabolism; Biosynthesis of Other Secondary Metabolites; Caffeine metabolism
Calcium signaling pathway	0	0	0	0	0	0	0	0	0	0	0	0	0	0	0	0	0	0	0	0	0	0	0	0	0	0	0	0	0	0	0	0	0	0	0	0	0	0	0	0	0	0	0	0	2	0	0	0	0	0	Environmental Information Processing; Signal Transduction; Calcium signaling pathway
Caprolactam degradation	228	86	406	37	693	802	50	692	40	53	135	46	953	923	444	79	29	183	25	57	105	21	2401	74	57	1503	95	217	249	145	388	152	1155	338	67	32	1187	175	440	469	335	62	345	3532	26	21	406	411	306	235	Metabolism; Xenobiotics Biodegradation and Metabolism; Caprolactam degradation
Carbohydrate digestion and absorption	48	52	12	37	25	2	113	49	163	11	13	12	17	172	6	6	9	113	0	54	10	0	643	25	68	30	43	34	95	80	39	6	99	1	12	2	19	55	53	1402	86	18	69	800	2	0	67	136	40	40	Organismal Systems; Digestive System; Carbohydrate digestion and absorption
Carbohydrate metabolism	4428	1254	4244	1178	5808	9732	2234	7476	3008	1122	2679	1603	9068	20857	4703	667	2294	2888	391	3736	401	1813	4158	3394	1813	14749	626	535	3145	5711	4545	3386	15639	2793	1197	18111	9461	8688	8676	13104	6435	1475	2124	5770	320	14142	2006	2343	5454	2723	Unclassified; Metabolism; Carbohydrate metabolism
Carbon fixation in photosynthetic organisms	13127	3569	13248	7176	19630	23256	10545	17539	14496	3868	9224	5089	21938	52726	12781	3289	6280	7560	960	9304	1994	5822	7507	8832	4736	30506	1969	2748	11381	16555	9973	8720	35302	5422	2898	45423	18742	22231	21223	31600	20933	6655	7507	10375	1079	35931	5755	5438	14499	6675	Metabolism; Energy Metabolism; Carbon fixation in photosynthetic organisms
Carbon fixation pathways in prokaryotes	17887	4851	12844	12400	20212	31681	16013	22343	23482	5887	11854	6275	25553	72340	14356	3971	7984	10038	1297	12166	3149	7028	13141	11904	6259	35923	3223	4618	14647	26377	12155	10869	46678	6086	3718	77327	21609	28704	26880	35472	26313	7758	10427	17547	2095	60655	9792	7733	18904	9054	Metabolism; Energy Metabolism; Carbon fixation pathways in prokaryotes
Cardiac muscle contraction	0	0	0	0	3	0	0	0	0	0	0	0	6	0	0	0	0	0	0	0	0	0	0	0	0	0	0	0	0	0	0	0	0	3	0	0	3	0	0	0	0	0	0	0	0	0	33	9	3	24	Organismal Systems; Circulatory System; Cardiac muscle contraction
Carotenoid biosynthesis	19	0	2	17	27	0	3	0	8	0	6	0	6	85	4	40	4	4	0	0	2	0	95	6	1	5	15	0	19	11	19	6	46	0	0	2	6	7	12	64	25	0	17	10	16	0	0	5	22	0	Metabolism; Metabolism of Terpenoids and Polyketides; Carotenoid biosynthesis
Cell cycle	0	0	0	0	0	0	0	0	0	0	0	0	0	0	0	0	0	0	0	0	0	0	0	0	0	0	0	0	0	0	0	0	0	0	0	0	0	0	0	0	0	0	0	0	0	0	0	0	0	0	Cellular Processes; Cell Growth and Death; Cell cycle
Cell cycle - Caulobacter	9613	3080	7478	4822	9975	19521	8287	14485	11670	3243	6610	4104	17536	42554	9733	2446	5237	6504	737	8399	1578	4078	4820	7865	4275	25557	1640	2308	6372	11009	7670	7151	29184	4395	2431	25128	15311	19542	18337	23494	15428	5468	5710	6363	930	19935	4380	4343	12617	6069	Cellular Processes; Cell Growth and Death; Cell cycle - Caulobacter
Cell cycle - yeast	0	0	0	0	0	0	0	0	0	0	0	0	0	0	0	0	0	0	0	0	0	0	0	0	0	0	0	0	0	0	0	0	0	0	0	0	0	0	0	0	0	0	0	0	0	0	0	0	0	0	Cellular Processes; Cell Growth and Death; Cell cycle - yeast
Cell division	1406	371	687	594	733	3069	1533	2319	2549	613	924	451	2368	8962	1253	255	596	753	112	879	188	388	1126	913	418	3819	215	290	1004	2211	1138	885	6149	620	322	6819	2240	2215	2167	2662	2452	591	870	1684	145	5310	698	603	1701	662	Unclassified; Cellular Processes and Signaling; Cell division
Cell motility and secretion	3091	1090	4145	1659	7134	5490	2693	3771	4441	1092	2957	960	3677	8772	2069	542	1179	1240	189	1830	632	748	3149	1825	920	5409	391	774	1694	3907	1960	1664	5823	1034	607	11381	3810	4560	4324	7019	4472	1218	2569	4636	343	8897	2274	1485	2490	1483	Unclassified; Cellular Processes and Signaling; Cell motility and secretion
Cellular antigens	915	300	208	376	134	1751	1387	865	2228	510	471	338	284	781	119	24	458	397	66	881	34	39	528	844	416	556	137	86	565	2235	381	554	111	7	210	9013	43	2240	1734	533	600	670	425	798	87	7009	803	605	753	685	Environmental Information Processing; Signaling Molecules and Interaction; Cellular antigens
Chagas disease (American trypanosomiasis)	309	212	116	20	4	4	53	115	48	17	206	273	243	615	2	19	427	371	22	867	3	8	255	787	367	301	56	32	56	21	96	435	31	2	144	4	12	2063	1542	96	179	370	235	393	3	3	61	314	662	624	Human Diseases; Infectious Diseases; Chagas disease (American trypanosomiasis)
Chaperones and folding catalysts	17552	4803	10991	9979	14250	36385	17811	25187	25537	6704	11786	6876	28951	75495	17334	4599	7992	10336	1332	12365	2616	6752	14850	11743	6542	40787	2960	4379	14001	25917	13105	11396	50736	6934	3925	74919	24335	29020	27801	45212	29054	8912	10185	20536	1564	58950	9126	8078	19977	9260	"Genetic Information Processing; Folding, Sorting and Degradation; Chaperones and folding catalysts"
Chloroalkane and chloroalkene degradation	3936	1306	4334	1404	6017	5968	2235	4793	2276	816	2746	2023	7282	21312	3882	1026	2782	3090	308	4495	541	1567	1887	4185	2139	9756	756	772	2502	4020	3050	3494	13043	1609	1106	9130	5372	10614	9282	5849	6852	2205	2491	2754	354	7400	1049	2025	6208	3345	Metabolism; Xenobiotics Biodegradation and Metabolism; Chloroalkane and chloroalkene degradation
Chlorocyclohexane and chlorobenzene degradation	97	10	300	26	545	2	46	56	5	3	55	85	24	1822	258	97	26	15	0	2	3	0	256	15	0	135	32	8	261	77	34	13	811	14	5	6	20	51	51	170	338	31	77	390	21	0	80	83	107	53	Metabolism; Xenobiotics Biodegradation and Metabolism; Chlorocyclohexane and chlorobenzene degradation
Cholinergic synapse	0	0	0	0	0	0	0	0	0	0	0	0	0	0	0	0	0	0	0	0	0	0	0	0	0	0	0	0	0	0	0	0	0	0	0	0	0	0	0	0	0	0	0	0	0	0	0	0	0	0	Organismal Systems; Nervous System; Cholinergic synapse
Chromosome	29695	9072	21114	18083	28656	51955	22639	39953	31747	8577	20226	12747	50647	125736	28906	7655	15831	19111	2213	25101	4651	12421	18744	23948	12655	71284	4853	7683	22328	35099	22222	21051	84849	12280	7105	86716	42941	58642	54080	80391	47489	14747	17834	26611	2647	68482	12769	13661	36502	18302	Genetic Information Processing; Replication and Repair; Chromosome
Chronic myeloid leukemia	0	0	0	0	0	0	0	0	0	0	0	0	0	0	0	0	0	0	0	0	0	0	0	0	0	0	0	0	0	0	0	0	0	0	0	0	0	0	0	0	0	0	0	0	0	0	0	0	0	0	Human Diseases; Cancers; Chronic myeloid leukemia
Circadian rhythm - plant	0	0	0	0	0	0	0	0	0	0	0	0	1	0	0	0	0	0	0	0	0	0	0	0	0	0	0	0	0	0	0	0	0	1	0	0	1	0	0	0	0	0	0	0	0	0	11	3	1	8	Organismal Systems; Environmental Adaptation; Circadian rhythm - plant
Citrate cycle (TCA cycle)	10716	3172	8067	6944	13586	18626	10848	12029	16634	3991	7183	4147	11328	34174	7921	2617	4607	5560	701	7347	1890	3102	9491	7210	3661	16397	1918	2567	7926	16524	6184	5986	20740	2659	2137	50010	9789	17657	15748	21729	13716	4703	6257	11801	1411	39166	7331	5176	9973	5448	Metabolism; Carbohydrate Metabolism; Citrate cycle (TCA cycle)
Clavulanic acid biosynthesis	0	0	0	0	0	0	0	0	0	0	0	0	0	0	0	0	0	0	0	0	0	0	0	0	0	0	0	0	0	0	0	0	0	0	0	0	0	0	0	0	0	0	0	0	0	0	0	0	0	0	Metabolism; Biosynthesis of Other Secondary Metabolites; Clavulanic acid biosynthesis
Colorectal cancer	0	0	0	0	0	0	0	0	0	0	0	0	0	0	0	0	0	0	0	0	0	0	0	0	0	0	0	0	0	0	0	0	0	0	0	0	0	0	0	0	0	0	0	0	0	0	0	0	2	0	Human Diseases; Cancers; Colorectal cancer
Complement and coagulation cascades	0	0	0	0	0	0	0	0	0	0	0	0	0	0	0	0	0	0	0	0	0	0	0	0	0	0	0	0	0	0	0	0	0	0	0	0	0	0	0	0	0	0	0	0	0	0	0	0	0	0	Organismal Systems; Immune System; Complement and coagulation cascades
Cyanoamino acid metabolism	6049	1359	5478	3239	8133	12275	5813	7939	7869	2106	4705	2097	10204	27702	5427	1430	2602	2856	425	3702	647	2155	2533	3592	1988	12109	784	1075	3907	7012	4020	3959	15379	2233	1228	15958	7576	8737	8284	26493	10217	1803	2825	3660	416	12524	4389	2531	5996	2782	Metabolism; Metabolism of Other Amino Acids; Cyanoamino acid metabolism
Cysteine and methionine metabolism	20928	7300	15680	12410	20686	32914	14482	26661	20064	5398	15077	9119	35636	81111	18047	4578	12057	14242	1546	20301	3513	7753	13628	19041	10024	48248	3352	4907	14237	21214	15008	15929	51786	8212	5275	50294	29322	47470	42307	49418	29987	11627	13798	18976	1795	39635	9295	10364	27104	14616	Metabolism; Amino Acid Metabolism; Cysteine and methionine metabolism
Cytochrome P450	0	0	0	0	0	0	0	0	0	0	0	0	0	0	0	0	0	0	0	0	0	0	0	0	0	0	0	0	0	0	0	0	0	0	0	0	0	0	0	0	0	0	0	0	0	0	0	0	0	0	Metabolism; Enzyme Families; Cytochrome P450
Cytokine receptors	0	0	0	0	0	0	0	0	0	0	0	0	0	0	0	0	0	0	0	0	0	0	0	0	0	0	0	0	0	0	0	0	0	0	0	0	0	0	0	0	0	0	0	0	0	0	0	0	0	0	Environmental Information Processing; Signaling Molecules and Interaction; Cytokine receptors
Cytokine-cytokine receptor interaction	0	0	0	0	0	0	0	0	0	0	0	0	0	0	0	0	0	0	0	0	0	0	0	0	0	0	0	0	0	0	0	0	0	0	0	0	0	0	0	0	0	0	0	0	0	0	0	0	0	0	Environmental Information Processing; Signaling Molecules and Interaction; Cytokine-cytokine receptor interaction
Cytoskeleton proteins	7104	1667	4730	5408	6512	12516	3540	10173	4693	1500	4491	2436	13679	35300	7641	1752	3251	3896	555	4515	1225	3600	1578	4519	2218	20629	1226	1567	6015	8526	6198	4659	25325	3718	1577	20547	12862	10819	11081	23146	12397	2648	3873	2415	613	16225	2162	2221	8839	3261	Cellular Processes; Cell Motility; Cytoskeleton proteins
Cytosolic DNA-sensing pathway	0	0	0	0	0	0	0	0	0	0	0	0	0	0	0	0	0	0	0	0	0	0	0	0	0	0	0	0	0	0	0	0	0	0	0	0	0	0	0	0	0	0	0	0	0	0	0	0	0	0	Organismal Systems; Immune System; Cytosolic DNA-sensing pathway
D-Alanine metabolism	2052	782	1596	1732	2292	2800	1373	2205	1870	485	1559	1110	3015	7789	2144	713	1185	1551	137	1971	379	735	1708	1792	1070	3955	375	626	1427	2170	1261	1432	4706	643	470	4581	2349	4477	3882	4391	3025	1164	1471	1941	172	3619	958	1058	2464	1404	Metabolism; Metabolism of Other Amino Acids; D-Alanine metabolism
D-Arginine and D-ornithine metabolism	55	38	312	27	548	0	2	7	7	0	167	13	18	150	28	9	31	10	0	2	46	1	22	2	1	1	1	6	18	78	20	14	62	9	6	2	63	43	32	86	124	0	150	5	7	2	62	2	10	0	Metabolism; Metabolism of Other Amino Acids; D-Arginine and D-ornithine metabolism
D-Glutamine and D-glutamate metabolism	2914	1043	1787	1896	2291	4782	2442	3538	3441	888	2114	1196	4454	11116	2158	584	1651	1967	222	2787	503	1113	1507	2619	1412	5850	477	811	2172	3951	1966	2141	6816	950	716	11347	3442	6455	5623	6478	4269	1640	1870	2014	295	8920	1464	1419	3618	2011	Metabolism; Metabolism of Other Amino Acids; D-Glutamine and D-glutamate metabolism
DNA repair and recombination proteins	55961	19314	40337	32333	52389	94252	41694	73800	56626	15555	38661	26290	96951	239356	55003	14974	33218	40294	4267	54975	8708	22734	34904	51275	27733	134799	9616	13996	38675	63401	41620	43177	155511	22366	14349	155237	78596	127632	114429	123283	85642	32322	35059	45559	5113	122509	24289	27609	73875	39557	Genetic Information Processing; Replication and Repair; DNA repair and recombination proteins
DNA replication	13106	4333	8585	7192	10352	25798	11028	19514	14939	4208	8931	5922	24957	56537	13644	3468	7457	9292	1050	12167	2113	5507	7147	11419	6219	34865	2300	3385	8583	15285	10483	10191	37754	5922	3406	36545	20839	28142	26141	29320	19470	7726	8004	9303	1173	28805	5932	6014	17354	8741	Genetic Information Processing; Replication and Repair; DNA replication
DNA replication proteins	24399	7525	16611	15279	21858	47212	20107	35780	28247	7760	16159	10290	44775	105362	24226	5922	13269	16437	1906	21471	3803	10254	13391	20121	10862	63158	3992	6016	15911	28163	19182	18169	70840	10922	6110	66209	38050	49694	46257	55441	36894	12526	14120	18056	2034	52227	10389	10848	31409	15434	Genetic Information Processing; Replication and Repair; DNA replication proteins
Dilated cardiomyopathy (DCM)	0	0	0	0	0	0	0	0	0	0	0	0	0	0	0	0	0	0	0	0	0	0	0	0	0	0	0	0	0	0	0	0	0	0	0	0	0	0	0	0	0	0	0	0	0	0	0	0	0	0	Human Diseases; Cardiovascular Diseases; Dilated cardiomyopathy (DCM)
Dioxin degradation	1419	554	1459	623	1879	2067	624	1776	503	241	884	947	2957	7032	1765	489	1046	1351	126	1910	205	415	1221	1740	957	3861	333	389	766	1421	1215	1372	4345	632	435	4554	2228	4256	3770	1544	2220	1088	954	1765	79	3603	280	800	2351	1350	Metabolism; Xenobiotics Biodegradation and Metabolism; Dioxin degradation
Drug metabolism - cytochrome P450	393	274	158	62	64	6	89	174	82	21	285	451	319	1338	512	232	482	438	31	881	43	42	1665	839	413	394	160	129	279	547	193	455	398	23	159	2263	77	2178	1675	324	559	439	451	2371	51	1834	318	631	713	791	Metabolism; Xenobiotics Biodegradation and Metabolism; Drug metabolism - cytochrome P450
Drug metabolism - other enzymes	6452	1858	6397	4192	10023	11453	4976	8290	7014	1883	4307	2391	9998	24507	5647	1353	3120	3914	460	4767	992	2894	3569	4499	2518	14148	976	1653	4370	7688	4673	4146	16305	2561	1408	20456	8768	10971	10263	13399	9522	2525	3411	4420	486	16149	2815	2724	7157	3418	Metabolism; Xenobiotics Biodegradation and Metabolism; Drug metabolism - other enzymes
ECM-receptor interaction	0	0	0	0	0	0	0	0	0	0	0	0	0	0	0	0	0	0	0	0	0	0	0	0	0	0	0	0	0	0	0	0	0	0	0	0	0	0	0	0	0	0	0	0	0	0	0	0	0	0	Environmental Information Processing; Signaling Molecules and Interaction; ECM-receptor interaction
Electron transfer carriers	365	58	1007	67	1689	803	26	698	45	54	173	88	961	1227	491	261	49	64	25	31	26	20	1851	121	76	1601	166	300	138	138	434	201	1259	326	61	58	1157	241	608	685	731	256	323	2844	40	52	133	357	217	94	Unclassified; Cellular Processes and Signaling; Electron transfer carriers
Endocrine and other factor-regulated calcium reabsorption	0	0	0	0	0	0	0	0	0	0	0	0	0	0	0	0	0	0	0	0	0	0	0	0	0	0	0	0	0	0	0	0	0	0	0	0	0	0	0	0	0	0	0	0	0	0	0	0	0	0	Organismal Systems; Excretory System; Endocrine and other factor-regulated calcium reabsorption
Endocytosis	0	0	0	0	0	0	0	0	0	0	0	0	2	0	0	0	0	0	0	0	0	0	0	0	0	0	0	0	0	0	0	0	0	0	0	0	0	0	0	0	0	0	0	0	0	0	0	0	0	0	Cellular Processes; Transport and Catabolism; Endocytosis
Energy metabolism	14213	2913	11479	10278	17598	32384	13965	22596	20808	5439	8981	3662	24657	61934	13938	3434	4325	5791	1050	4814	2351	6849	12560	5694	2825	37570	2532	4697	12976	21128	11739	7305	45195	6950	2623	56962	24214	12650	15669	37734	24526	5780	7984	19419	1471	44891	7934	5807	12850	3964	Unclassified; Metabolism; Energy metabolism
Epithelial cell signaling in Helicobacter pylori infection	1507	391	784	1030	861	2795	1256	2060	1740	468	1064	418	2706	9357	1099	234	681	1073	110	1011	286	724	1239	940	531	3803	261	402	1336	1960	1131	954	6065	624	315	4557	2244	2256	2205	4062	2974	566	1028	1757	157	3606	699	602	1941	697	Human Diseases; Infectious Diseases; Epithelial cell signaling in Helicobacter pylori infection
ErbB signaling pathway	0	0	0	0	0	0	0	0	0	0	0	0	0	0	0	0	0	0	0	0	0	0	0	0	0	0	0	0	0	0	0	0	0	0	0	0	0	0	0	0	0	0	0	0	0	0	0	0	0	0	Environmental Information Processing; Signal Transduction; ErbB signaling pathway
Ether lipid metabolism	47	2	282	12	546	0	0	0	2	0	30	0	3	102	1	1	6	5	0	3	14	13	24	0	1	3	0	0	1	8	18	10	7	9	2	0	6	1	24	136	176	0	31	2	8	37	22	6	12	16	Metabolism; Lipid Metabolism; Ether lipid metabolism
Ethylbenzene degradation	482	54	703	736	1468	878	965	586	1727	321	456	224	396	952	616	264	108	47	28	10	102	339	934	80	44	59	110	209	503	770	169	138	198	20	28	2267	35	117	140	588	784	82	303	1304	28	1798	277	213	159	45	Metabolism; Xenobiotics Biodegradation and Metabolism; Ethylbenzene degradation
Fat digestion and absorption	0	0	0	0	0	0	0	0	0	0	0	0	0	0	0	0	0	0	0	0	0	0	0	0	0	0	0	0	0	0	0	0	0	0	0	0	0	0	0	0	0	0	0	0	0	0	0	0	0	0	Organismal Systems; Digestive System; Fat digestion and absorption
Fatty acid biosynthesis	7969	1740	7366	6048	11578	15541	7218	11230	9175	2519	5346	3081	14911	38240	9741	2737	3146	4783	613	4227	1556	4656	5746	4036	2581	19297	1548	2312	7278	11900	6419	4830	25596	3513	1562	34101	12142	9116	9930	18486	13887	3109	4544	7941	715	26917	4089	2884	8827	3259	Metabolism; Lipid Metabolism; Fatty acid biosynthesis
Fatty acid elongation in mitochondria	0	0	0	0	0	0	0	0	0	0	0	0	0	0	0	0	0	0	0	0	0	0	0	0	0	0	0	0	0	0	0	0	0	0	0	0	0	0	0	0	0	0	0	0	0	0	0	0	0	0	Metabolism; Lipid Metabolism; Fatty acid elongation in mitochondria
Fatty acid metabolism	5260	2181	4045	3166	5565	4812	2888	4157	3910	985	3337	2909	5826	18164	2746	919	3949	3995	340	7142	674	1546	6301	6731	3318	7934	1004	1352	3599	4663	2671	4395	8888	1048	1457	11414	3534	17210	13855	5366	7021	3857	3487	9176	412	9076	2338	3807	7720	5565	Metabolism; Lipid Metabolism; Fatty acid metabolism
Fc epsilon RI signaling pathway	0	0	0	0	0	0	0	0	0	0	0	0	0	0	0	0	0	0	0	0	0	0	0	0	0	0	0	0	0	0	0	0	0	0	0	0	0	0	0	0	0	0	0	0	0	0	0	0	0	0	Organismal Systems; Immune System; Fc epsilon RI signaling pathway
Fc gamma R-mediated phagocytosis	0	0	0	0	0	0	0	0	0	0	0	0	2	0	0	0	0	0	0	0	0	0	0	0	0	0	0	0	0	0	0	0	0	0	0	0	0	0	0	0	0	0	0	0	0	0	0	0	0	0	Organismal Systems; Immune System; Fc gamma R-mediated phagocytosis
Flagellar assembly	3739	366	7718	3483	16087	158	352	295	2011	116	4273	945	281	4895	164	476	1018	130	56	20	694	1286	9372	669	36	251	689	2034	5721	1849	566	283	2999	246	83	144	86	1122	1225	40293	11062	322	2721	14904	123	206	890	1946	1139	503	Cellular Processes; Cell Motility; Flagellar assembly
Flavone and flavonol biosynthesis	16	2	9	0	0	0	0	0	44	0	69	23	2	399	1	0	30	1	2	3	1	0	5	8	1	0	0	0	18	28	0	0	63	0	1	0	1	13	13	1269	57	2	13	0	3	2	12	5	5	1	Metabolism; Biosynthesis of Other Secondary Metabolites; Flavone and flavonol biosynthesis
Flavonoid biosynthesis	31	0	51	21	4	4	105	30	16	8	22	5	335	350	60	32	36	10	6	1	2	1	0	0	25	7	3	1	8	63	31	78	67	2	1	0	3	3	3	64	25	0	26	8	7	0	22	6	58	16	Metabolism; Biosynthesis of Other Secondary Metabolites; Flavonoid biosynthesis
Fluorobenzoate degradation	1	5	5	0	0	0	0	1	0	0	0	6	31	0	4	0	0	0	0	0	4	0	253	10	0	2	4	6	1	2	0	0	7	8	1	0	35	20	24	0	15	4	30	390	4	0	90	68	3	61	Metabolism; Xenobiotics Biodegradation and Metabolism; Fluorobenzoate degradation
Focal adhesion	0	0	0	0	0	0	0	0	0	0	0	0	0	0	0	0	0	0	0	0	0	0	0	0	0	0	0	0	0	0	0	0	0	0	0	0	0	0	0	0	0	0	0	0	0	0	0	0	0	0	Cellular Processes; Cell Communication; Focal adhesion
Folate biosynthesis	7128	2885	4057	3158	4756	11791	7482	8008	10903	2662	5447	2894	8340	29673	3622	1118	4306	5901	478	7595	1221	2335	5888	6875	3872	12112	1297	1998	6015	10101	4023	5072	17331	1633	1764	27221	6149	17343	14506	12685	10198	4471	4932	7339	658	21416	4420	4156	9566	5540	Metabolism; Metabolism of Cofactors and Vitamins; Folate biosynthesis
Fructose and mannose metabolism	19188	4085	27394	8443	38947	41445	19158	29165	24133	6767	14694	8890	36731	95523	27982	7032	7877	10795	1430	9013	2719	8896	12373	9073	5273	49242	3102	5035	18909	27132	16237	12014	65787	9294	3876	70462	31120	23461	24526	47969	33602	8265	11426	17427	1630	55619	8091	7637	21624	6501	Metabolism; Carbohydrate Metabolism; Fructose and mannose metabolism
Function unknown	22886	8329	18886	10950	25719	40034	16996	30107	23015	6523	18067	11076	39072	102166	23725	6659	12786	14747	1718	20419	3919	8785	32522	19769	10402	53133	4003	6758	16476	27607	17038	16793	65616	9342	5721	75213	33642	48919	44240	61541	37143	11412	17189	46840	2253	59207	13585	14494	27903	15778	Unclassified; Poorly Characterized; Function unknown
G protein-coupled receptors	0	0	0	0	0	0	0	0	0	0	0	0	0	0	0	0	0	0	0	0	0	0	0	0	0	0	0	0	0	0	0	0	0	0	0	0	0	0	0	0	0	0	0	0	0	0	0	0	0	0	Environmental Information Processing; Signaling Molecules and Interaction; G protein-coupled receptors
GTP-binding proteins	0	0	0	0	0	0	0	0	0	0	0	0	0	0	0	0	0	0	0	0	0	0	0	0	0	0	0	0	0	0	0	0	0	0	0	0	0	0	0	0	0	0	0	0	0	0	0	0	0	0	Environmental Information Processing; Signaling Molecules and Interaction; GTP-binding proteins
Galactose metabolism	19350	5951	15158	7525	18323	37960	15690	27936	20358	6008	13052	10176	35520	83556	23277	5858	11507	12441	1605	19112	1805	6411	7620	17795	9287	50253	2707	3483	14177	23658	15834	15754	55546	8706	5294	70293	29711	44870	40502	50175	28421	11944	9972	10553	1067	55109	8979	9302	25420	13748	Metabolism; Carbohydrate Metabolism; Galactose metabolism
Gastric acid secretion	0	0	0	0	0	0	0	0	0	0	0	0	0	0	0	0	0	0	0	0	0	0	0	0	0	0	0	0	0	0	0	0	0	0	0	0	0	0	0	0	0	0	0	0	0	0	0	0	0	0	Organismal Systems; Digestive System; Gastric acid secretion
General function prediction only	67213	19115	59902	40250	86383	119050	58421	88108	78836	20877	45924	28379	115036	302235	67611	18847	33439	42338	4946	51376	10360	28479	51558	48923	26946	150552	11087	17762	49067	85877	48620	46312	191326	25944	15101	220800	89850	119218	111459	169808	109700	33186	39941	70348	6368	174303	33883	30909	78996	37805	Unclassified; Poorly Characterized; General function prediction only
Geraniol degradation	429	112	360	34	804	1022	693	363	1066	255	362	70	145	111	66	54	15	108	27	54	101	17	3012	92	61	53	98	274	498	1151	156	81	65	56	49	4514	191	203	232	357	488	84	438	4328	45	3523	1031	625	21	374	Metabolism; Metabolism of Terpenoids and Polyketides; Geraniol degradation
Germination	635	17	999	518	1755	1610	66	1364	99	102	539	29	1721	5314	870	83	93	272	48	7	67	40	0	2	0	3220	58	0	493	496	830	305	4323	622	115	24	2068	27	535	3636	1552	22	353	0	55	40	2	32	754	4	Unclassified; Cellular Processes and Signaling; Germination
Glioma	0	0	0	0	0	0	0	0	0	0	0	0	0	0	0	0	0	0	0	0	0	0	0	0	0	0	0	0	0	0	0	0	0	0	0	0	0	0	0	0	0	0	0	0	0	0	0	0	0	0	Human Diseases; Cancers; Glioma
Glutamatergic synapse	2258	650	1186	1379	1535	3523	2005	2581	3049	727	1404	847	2939	9054	1655	439	1141	1289	165	1806	264	753	739	1724	898	4046	348	436	1726	3529	1433	1473	5634	635	496	11303	2188	4341	3749	4433	3253	1114	1141	996	170	8859	1217	1006	2550	1352	Organismal Systems; Nervous System; Glutamatergic synapse
Glutathione metabolism	3868	1617	1579	1916	1364	6310	3106	4842	4709	1215	2620	2567	5290	12721	4728	1421	2525	2937	307	4644	497	1132	6319	4349	2255	8032	684	1243	2487	5321	2629	3047	8083	1284	1110	18137	4649	10961	9253	6926	4825	2579	2768	8786	366	14171	2562	2931	4932	3603	Metabolism; Metabolism of Other Amino Acids; Glutathione metabolism
Glycan bindng proteins	0	0	0	0	0	0	0	0	0	0	0	0	0	0	0	0	0	0	0	0	0	0	0	0	0	0	0	0	0	0	0	0	0	0	0	0	0	0	0	0	0	0	0	0	0	0	0	0	0	0	Environmental Information Processing; Signaling Molecules and Interaction; Glycan bindng proteins
Glycan biosynthesis and metabolism	218	92	66	38	41	594	454	294	750	170	251	51	78	139	29	9	11	11	14	2	57	8	2051	122	7	28	98	361	206	633	90	35	109	14	28	2288	127	167	162	209	276	167	399	3231	67	1770	432	415	43	79	Unclassified; Metabolism; Glycan biosynthesis and metabolism
Glycerolipid metabolism	7655	1655	8259	3589	12105	18165	4934	14722	6259	2120	4745	2696	19362	40585	11306	2362	3156	4595	653	4050	1398	4052	4890	3898	2264	29524	1243	2124	6648	7315	8337	5287	31251	5612	1807	13904	19225	9408	11842	24212	14462	3340	4274	5917	694	11294	2440	2562	9373	2947	Metabolism; Lipid Metabolism; Glycerolipid metabolism
Glycerophospholipid metabolism	10269	2522	8182	6525	11523	18419	7816	14540	10531	2883	6387	3685	19806	47229	11008	2890	4180	5638	717	5777	1646	4700	8351	5752	3335	26218	1628	2954	7873	10142	7807	6432	32276	4731	2019	18447	16316	13699	14213	31312	17877	4113	5487	11326	865	14756	4661	4338	11608	4354	Metabolism; Lipid Metabolism; Glycerophospholipid metabolism
"Glycine, serine and threonine metabolism"	17469	5720	14301	10471	21162	25018	13159	19077	18686	4740	11551	7337	24261	68284	12908	3702	10020	11658	1194	16580	2685	6100	12701	15386	8178	32229	2720	3533	11709	20436	10859	12447	40923	5205	4111	54513	18101	38834	33471	37883	26060	8823	10391	16679	1494	43286	8261	8890	21424	12146	"Metabolism; Amino Acid Metabolism; Glycine, serine and threonine metabolism"
Glycolysis / Gluconeogenesis	24181	7861	22930	14137	31304	35577	18443	28777	22255	6042	16718	12096	43678	98069	25132	7417	14391	17039	1823	23330	3381	9022	17694	21671	12125	51860	4202	5345	18598	25919	16991	19245	59245	8647	5918	66056	29745	54448	48122	58176	36411	14422	14514	22862	1790	52453	9209	12056	31309	16761	Metabolism; Carbohydrate Metabolism; Glycolysis / Gluconeogenesis
Glycosaminoglycan biosynthesis - chondroitin sulfate	0	0	0	0	0	0	0	0	0	0	0	0	0	0	0	0	0	0	0	0	0	0	0	0	0	0	0	0	0	0	0	0	0	0	0	0	0	0	0	0	0	0	0	0	0	0	0	0	0	0	Metabolism; Glycan Biosynthesis and Metabolism; Glycosaminoglycan biosynthesis - chondroitin sulfate
Glycosaminoglycan degradation	1142	92	431	90	68	5540	4823	2559	6963	1653	898	229	2394	2199	839	311	181	106	145	28	49	88	351	60	238	714	236	247	1109	4721	713	804	96	2	166	20216	12	255	420	2413	1125	892	362	520	25	15767	1546	357	624	56	Metabolism; Glycan Biosynthesis and Metabolism; Glycosaminoglycan degradation
Glycosphingolipid biosynthesis - ganglio series	903	70	142	47	32	3637	2928	1602	4561	1062	565	132	707	522	499	158	54	62	91	18	44	69	335	20	94	482	154	73	856	3588	508	357	31	1	117	15724	7	158	277	792	750	605	209	432	17	12261	1308	294	341	50	Metabolism; Glycan Biosynthesis and Metabolism; Glycosphingolipid biosynthesis - ganglio series
Glycosphingolipid biosynthesis - globo series	2148	369	1300	374	1714	6274	3758	3491	5755	1439	1343	608	2676	7684	1898	469	714	736	183	902	216	788	356	874	490	4224	432	243	1746	5195	1622	1176	4331	624	420	20258	2088	2372	2515	6166	3033	1325	774	528	87	15823	2005	791	2105	672	Metabolism; Glycan Biosynthesis and Metabolism; Glycosphingolipid biosynthesis - globo series
Glycosphingolipid biosynthesis - lacto and neolacto series	0	0	0	0	0	0	0	0	0	0	0	0	0	0	0	0	0	0	0	0	0	0	0	0	0	0	0	0	0	2	0	0	0	0	0	0	0	0	0	0	0	0	0	0	0	0	0	0	0	0	Metabolism; Glycan Biosynthesis and Metabolism; Glycosphingolipid biosynthesis - lacto and neolacto series
Glycosylphosphatidylinositol(GPI)-anchor biosynthesis	0	0	0	0	0	0	0	0	0	0	0	0	0	0	0	0	0	0	0	0	0	0	0	0	0	0	0	0	0	0	0	0	0	0	0	0	0	0	0	0	0	0	0	0	0	0	0	0	0	0	Metabolism; Glycan Biosynthesis and Metabolism; Glycosylphosphatidylinositol(GPI)-anchor biosynthesis
Glycosyltransferases	4862	1430	2993	2906	4542	9600	5588	6489	8442	1998	4011	2201	6599	21690	6187	1959	1506	3143	348	2479	1022	1253	7102	2158	1631	9389	752	1595	5066	9025	3353	2317	13766	1622	873	29426	6068	4986	5220	15247	8705	1688	3535	9376	543	23112	3728	2491	4400	1860	Metabolism; Glycan Biosynthesis and Metabolism; Glycosyltransferases
Glyoxylate and dicarboxylate metabolism	9435	2334	8722	5997	12587	15647	7495	11812	10786	2742	6609	3139	14516	42810	8153	2072	4083	4911	657	5516	1755	4088	8220	5561	2751	20014	1562	2290	7817	13741	6766	5591	27922	3560	1906	38598	12558	13819	13325	27664	15663	3713	6020	11552	1186	30419	4944	4051	10624	4295	Metabolism; Carbohydrate Metabolism; Glyoxylate and dicarboxylate metabolism
GnRH signaling pathway	0	0	0	0	0	0	0	0	0	0	0	0	2	0	0	0	0	0	0	0	0	0	0	0	0	0	0	0	0	0	0	0	0	0	0	0	0	0	0	0	0	0	0	0	0	0	0	0	0	0	Organismal Systems; Endocrine System; GnRH signaling pathway
Hedgehog signaling pathway	0	0	0	0	0	0	0	0	0	0	0	0	0	0	0	0	0	0	0	0	0	0	0	0	0	0	0	0	0	0	0	0	0	0	0	0	0	0	0	0	0	0	0	0	0	0	0	0	0	0	Environmental Information Processing; Signal Transduction; Hedgehog signaling pathway
Hematopoietic cell lineage	0	0	0	0	0	0	0	0	0	0	0	0	0	0	0	0	0	0	0	0	0	0	0	0	0	0	0	0	0	0	0	0	0	0	0	0	0	0	0	0	0	0	0	0	0	0	0	0	0	0	Organismal Systems; Immune System; Hematopoietic cell lineage
Hepatitis C	0	0	0	0	0	0	0	0	0	0	0	0	0	0	0	0	0	0	0	0	0	0	0	0	0	0	0	0	0	0	0	0	0	0	0	0	0	0	0	0	0	0	0	0	0	0	0	0	0	0	Human Diseases; Infectious Diseases; Hepatitis C
Histidine metabolism	12901	3566	8117	6959	10572	23082	12283	16549	16918	4340	9050	5294	21232	50937	12300	3536	6476	8222	968	10369	1975	4819	6553	9672	5238	26478	2164	3074	10302	16855	8703	9003	32401	4418	2903	45425	15577	23754	21469	31405	19279	6721	7382	8229	1252	35724	6411	5321	14980	7344	Metabolism; Amino Acid Metabolism; Histidine metabolism
Homologous recombination	18734	6603	12283	10326	15155	30941	14169	23638	18875	5217	12953	8904	31068	75783	17028	4732	11559	13697	1434	19444	2831	7664	10420	18139	9651	43048	3311	4679	13386	22036	13464	14726	48379	6919	4907	56978	24447	45162	39811	41378	27662	11852	11774	13565	1674	44877	8031	9209	24845	13928	Genetic Information Processing; Replication and Repair; Homologous recombination
Huntington's disease	439	121	744	63	1264	1388	577	972	787	224	345	148	1247	1301	765	162	65	177	46	59	85	30	903	94	101	1487	58	270	153	644	481	270	1165	327	84	2289	1136	125	369	685	610	65	328	1291	46	1801	422	263	260	90	Human Diseases; Neurodegenerative Diseases; Huntington's disease
Hypertrophic cardiomyopathy (HCM)	0	0	0	0	0	0	0	0	0	0	0	0	0	0	0	0	0	0	0	0	0	0	0	0	0	0	0	0	0	0	0	0	0	0	0	0	0	0	0	0	0	0	0	0	0	0	0	0	0	0	Human Diseases; Cardiovascular Diseases; Hypertrophic cardiomyopathy (HCM)
Indole alkaloid biosynthesis	0	0	0	0	0	0	0	0	0	0	0	0	0	0	0	0	0	0	0	0	0	0	0	0	0	0	0	0	0	0	0	0	1	0	0	0	0	0	0	0	0	0	0	0	0	0	0	0	0	0	Metabolism; Biosynthesis of Other Secondary Metabolites; Indole alkaloid biosynthesis
Influenza A	0	0	0	0	0	0	0	0	0	0	0	0	0	0	0	0	0	0	0	0	0	0	0	0	0	0	0	0	0	0	0	0	0	0	0	0	0	0	0	0	0	0	0	0	0	0	0	0	2	0	Human Diseases; Infectious Diseases; Influenza A
Inorganic ion transport and metabolism	4577	1590	4061	1624	5433	6237	2626	5023	3839	990	3349	2039	6763	16771	3412	805	2628	3000	334	4584	375	831	7474	4290	2236	9659	613	1230	2636	4937	3142	3451	11080	1623	1160	15873	5583	11208	9727	6747	7046	2531	2958	10938	253	12448	3093	3313	5433	3508	Unclassified; Cellular Processes and Signaling; Inorganic ion transport and metabolism
Inositol phosphate metabolism	1905	791	1913	643	2983	3008	1998	1846	2624	672	1297	1026	1844	6963	1611	535	1145	1324	121	1852	233	438	1566	1740	997	2782	359	340	2344	2899	1065	1276	3753	359	438	9052	1285	4480	3713	3389	2691	1298	1057	1455	155	7145	1237	1245	2221	1411	Metabolism; Carbohydrate Metabolism; Inositol phosphate metabolism
Insulin signaling pathway	1562	379	1333	783	1858	3146	950	2606	1494	422	935	585	3177	7419	1939	398	663	981	132	989	189	737	946	899	539	5043	306	272	1386	2122	1575	1037	5658	932	360	6803	3130	2274	2468	4531	2788	718	727	1310	111	5358	656	672	1870	700	Organismal Systems; Endocrine System; Insulin signaling pathway
Ion channels	423	285	417	36	610	5	168	154	177	25	309	449	266	723	490	210	442	483	25	939	8	9	675	841	472	355	68	205	272	174	127	458	54	12	157	9	33	2125	1609	1550	352	551	281	910	7	6	367	477	686	714	Environmental Information Processing; Signaling Molecules and Interaction; Ion channels
Isoflavonoid biosynthesis	0	0	0	0	0	0	0	0	0	0	0	0	0	0	0	0	0	0	0	0	0	0	0	0	0	0	0	0	0	0	0	0	0	0	0	0	0	0	0	0	0	0	0	0	0	0	0	0	0	0	Metabolism; Biosynthesis of Other Secondary Metabolites; Isoflavonoid biosynthesis
Isoquinoline alkaloid biosynthesis	1123	342	602	845	801	1969	1003	1314	1662	398	788	387	1176	3651	518	104	552	610	73	874	205	372	789	872	377	1973	134	244	743	1641	649	653	2465	321	251	4532	1208	2159	1895	2171	1524	547	734	1273	142	3559	681	523	1177	664	Metabolism; Biosynthesis of Other Secondary Metabolites; Isoquinoline alkaloid biosynthesis
Leishmaniasis	0	0	0	0	0	0	0	0	0	0	0	0	0	0	0	0	0	0	0	0	0	0	0	0	0	0	0	0	0	0	0	0	0	0	0	0	0	0	0	0	0	0	0	0	0	0	0	0	0	0	Human Diseases; Infectious Diseases; Leishmaniasis
Leukocyte transendothelial migration	0	0	0	0	0	0	0	0	0	0	0	0	0	0	0	0	0	0	0	0	0	0	0	0	0	0	0	0	0	0	0	0	0	0	0	0	0	0	0	0	0	0	0	0	0	0	0	0	0	0	Organismal Systems; Immune System; Leukocyte transendothelial migration
Limonene and pinene degradation	1450	352	1718	1261	2957	2493	1358	2097	1957	456	1029	610	3112	5498	1625	482	694	771	115	943	245	391	2908	948	525	3514	235	536	1349	1311	1083	1030	3693	670	300	2317	2254	2350	2360	1787	2379	638	1003	4149	137	1889	740	844	1399	914	Metabolism; Metabolism of Terpenoids and Polyketides; Limonene and pinene degradation
Linoleic acid metabolism	1534	314	1887	627	2874	3525	1514	2118	1782	563	1055	439	2657	6576	1369	312	688	739	115	882	221	742	28	842	426	3341	198	196	1160	2422	1208	1023	4487	644	331	6790	2139	2138	2082	3273	2624	232	722	106	161	5385	561	453	1658	645	Metabolism; Lipid Metabolism; Linoleic acid metabolism
Lipid biosynthesis proteins	10865	3047	8793	6620	13034	19259	9366	13662	13000	3452	7512	4484	16395	40402	10089	2885	5328	6498	772	8456	1819	5078	7324	7966	4328	22331	1961	2565	8078	14158	7578	7167	26176	3866	2432	40886	13440	19533	18031	25242	16804	5318	6235	9979	910	32203	5828	4845	12674	6425	Metabolism; Lipid Metabolism; Lipid biosynthesis proteins
Lipid metabolism	1694	265	1663	1598	2666	3023	841	2442	1157	345	1271	482	3410	12004	2283	607	398	953	124	184	430	1085	3607	295	235	5226	374	598	1793	2736	1572	700	8666	962	231	6838	3355	373	1132	5996	4401	540	1263	5396	223	5412	1146	806	1938	261	Unclassified; Metabolism; Lipid metabolism
Lipoic acid metabolism	883	361	750	73	1280	1307	1190	757	2020	427	477	452	297	924	294	129	473	491	50	922	48	38	1059	892	472	344	104	299	335	1164	298	540	144	20	193	4516	46	2187	1660	662	682	443	364	1311	28	3553	856	688	702	676	Metabolism; Metabolism of Cofactors and Vitamins; Lipoic acid metabolism
Lipopolysaccharide biosynthesis	2411	884	1161	316	1757	7433	5630	3298	9362	2084	3352	202	507	897	320	124	122	25	156	1	837	105	5904	253	41	86	349	963	1813	7511	986	454	391	110	333	29349	1245	509	556	2138	2558	334	2779	9275	632	22858	4354	1632	117	279	Metabolism; Glycan Biosynthesis and Metabolism; Lipopolysaccharide biosynthesis
Lipopolysaccharide biosynthesis proteins	4567	1475	2729	1306	3687	15383	10607	8049	16820	3920	5243	832	5205	10174	2595	728	844	1411	358	1183	1129	549	8619	1241	849	5181	660	1614	3402	12119	2827	1962	5912	1075	830	45167	4722	2982	3274	7520	5792	991	4232	12956	794	35242	6120	2913	1981	1218	Metabolism; Glycan Biosynthesis and Metabolism; Lipopolysaccharide biosynthesis proteins
Long-term depression	0	0	0	0	0	0	0	0	0	0	0	0	0	0	0	0	0	0	0	0	0	0	0	0	0	0	0	0	0	0	0	0	0	0	0	0	0	0	0	0	0	0	0	0	0	0	0	0	0	0	Organismal Systems; Nervous System; Long-term depression
Long-term potentiation	0	0	0	0	0	0	0	0	0	0	0	0	0	0	0	0	0	0	0	0	0	0	0	0	0	0	0	0	0	0	0	0	0	0	0	0	0	0	0	0	0	0	0	0	0	0	0	0	0	0	Organismal Systems; Nervous System; Long-term potentiation
Lysine biosynthesis	18282	5613	14619	10787	19725	28689	11833	23530	15776	4422	12276	7429	32565	85921	16499	4120	10307	12686	1360	16625	2886	7414	8037	15399	8214	44381	2963	3551	12571	18977	13671	13784	55214	7553	4464	45640	26293	38536	35017	39844	29210	9196	10763	10491	1588	36177	6933	7784	24405	11825	Metabolism; Amino Acid Metabolism; Lysine biosynthesis
Lysine degradation	2016	581	2394	1825	4214	3380	1889	2336	2627	643	1531	629	3217	7385	1472	394	772	861	126	944	489	1029	5294	1059	566	3630	316	896	1822	2372	1238	1109	4683	703	351	4576	2492	2591	2546	3364	3369	681	1641	7781	173	3600	1624	1425	1838	1068	Metabolism; Amino Acid Metabolism; Lysine degradation
Lysosome	2539	566	1095	187	1165	7935	5697	3913	8919	2127	1740	786	2392	5198	1112	255	1142	946	226	1761	85	446	544	1633	890	2695	302	293	1632	6566	1475	1625	2532	315	562	26973	1048	4349	3642	4825	2425	1433	851	560	69	21029	2287	1072	2055	1294	Cellular Processes; Transport and Catabolism; Lysosome
MAPK signaling pathway	0	0	0	0	0	0	0	0	0	0	0	0	0	0	0	0	0	0	0	0	0	0	0	0	0	0	0	0	0	0	0	0	0	0	0	0	0	0	0	0	0	0	0	0	0	0	0	0	0	0	Environmental Information Processing; Signal Transduction; MAPK signaling pathway
MAPK signaling pathway - yeast	1175	338	1188	451	1909	2564	1580	1573	2278	571	835	358	1817	4324	629	166	580	557	86	891	171	386	294	864	470	1721	134	224	600	1514	694	835	2235	330	255	4526	1134	2083	1794	1172	1549	190	584	509	83	3593	614	532	1185	670	Environmental Information Processing; Signal Transduction; MAPK signaling pathway - yeast
Measles	0	0	0	0	0	0	0	0	0	0	0	0	0	0	0	0	0	0	0	0	0	0	0	0	0	0	0	0	0	0	0	0	0	0	0	0	0	0	0	0	0	0	0	0	0	0	0	0	0	0	Human Diseases; Infectious Diseases; Measles
Meiosis - yeast	309	235	100	11	9	4	53	76	48	17	203	270	236	282	0	19	427	367	22	866	1	8	2	784	380	67	21	9	9	22	81	436	26	0	141	8	5	1992	1406	56	116	120	168	4	19	0	63	308	617	611	Cellular Processes; Cell Growth and Death; Meiosis - yeast
Melanogenesis	0	0	0	0	0	0	0	0	0	0	0	0	0	0	0	0	0	0	0	0	0	0	0	0	0	0	0	0	0	0	0	0	0	0	0	0	0	0	0	0	0	0	0	0	0	0	0	0	0	0	Organismal Systems; Endocrine System; Melanogenesis
Membrane and intracellular structural molecules	7452	1959	4180	2668	5828	18219	13015	9360	19908	4623	6352	2076	6135	23987	4040	1286	2082	3235	522	3110	1238	2326	13316	3233	1836	7336	1302	2352	6864	18753	3943	3251	14165	1080	1297	67716	4421	7692	6942	18282	11621	2612	5152	19961	831	52874	8100	4587	5433	2710	Unclassified; Cellular Processes and Signaling; Membrane and intracellular structural molecules
Metabolism of cofactors and vitamins	1469	595	1671	665	2681	1843	970	1272	1377	342	1353	819	1334	9386	1549	568	603	868	87	994	391	422	3367	1064	561	2742	344	779	1534	2362	884	726	5503	368	286	6841	1455	2567	2329	4154	3186	1065	1562	5044	389	5414	1176	1112	1835	868	Unclassified; Metabolism; Metabolism of cofactors and vitamins
Metabolism of xenobiotics by cytochrome P450	393	274	157	62	64	6	89	174	82	21	285	451	317	1338	509	232	482	438	31	881	43	42	1665	839	413	394	160	129	279	547	193	455	398	22	159	2263	76	2178	1675	324	559	439	451	2371	51	1834	307	628	713	783	Metabolism; Xenobiotics Biodegradation and Metabolism; Metabolism of xenobiotics by cytochrome P450
Methane metabolism	24084	5918	22025	15363	32106	44796	18409	34730	24938	6912	15393	8429	45659	126817	24625	5929	11497	14496	1844	15892	4035	11433	13936	15414	8340	64697	3915	5450	19479	29953	19752	16263	85816	11351	5308	72935	39028	37925	38008	66425	41629	10071	13675	19204	2457	58116	9599	9454	29423	11677	Metabolism; Energy Metabolism; Methane metabolism
Mineral absorption	49	1	304	13	553	0	3	8	2	0	133	6	5	120	16	3	8	5	0	4	0	0	40	0	1	4	1	3	6	30	18	12	23	7	3	0	2	20	22	85	66	114	67	11	34	0	11	4	10	8	Organismal Systems; Digestive System; Mineral absorption
Mismatch repair	15742	4808	11404	9218	14886	31088	11768	23911	15949	4635	10757	6606	30763	71413	16965	4067	8326	10671	1265	13167	2632	6935	8621	12487	6749	44495	2718	4245	11232	18359	13282	11686	49759	7791	3942	43418	27277	30498	29374	40546	24628	7907	9520	11724	1404	34228	6730	6751	20422	9504	Genetic Information Processing; Replication and Repair; Mismatch repair
N-Glycan biosynthesis	254	79	299	42	555	723	716	402	1195	246	247	89	27	1809	268	115	24	13	12	1	48	8	322	15	17	136	16	33	357	623	107	45	797	10	31	2250	65	40	30	338	481	51	178	408	42	1753	314	121	116	5	Metabolism; Glycan Biosynthesis and Metabolism; N-Glycan biosynthesis
NOD-like receptor signaling pathway	603	56	452	484	682	1397	618	994	908	229	327	57	1211	3041	558	103	116	178	52	8	95	365	256	70	45	1630	114	194	514	1338	571	277	2239	312	92	4524	1048	90	327	1965	1181	159	240	474	50	3552	256	154	533	19	Organismal Systems; Immune System; NOD-like receptor signaling pathway
Naphthalene degradation	2853	817	2715	1838	4031	4337	2242	3465	3153	800	1848	1461	4766	10715	2895	893	1690	1881	219	2752	357	830	1767	2589	1388	5776	586	606	1838	3136	1978	2221	6087	973	684	9088	3218	6412	5711	3029	4221	1565	1514	2324	224	7264	1078	1376	3580	2098	Metabolism; Xenobiotics Biodegradation and Metabolism; Naphthalene degradation
Neuroactive ligand-receptor interaction	0	0	0	0	0	0	0	0	0	0	0	0	0	0	0	0	0	0	0	0	0	0	0	0	0	0	0	0	0	0	0	0	0	0	0	0	0	0	0	0	0	0	0	0	0	0	0	0	0	0	Environmental Information Processing; Signaling Molecules and Interaction; Neuroactive ligand-receptor interaction
Neurotrophin signaling pathway	0	0	0	0	0	0	0	0	0	0	0	0	0	0	0	0	0	0	0	0	0	0	0	0	0	0	0	0	0	0	0	0	0	0	0	0	0	0	0	0	0	0	0	0	0	0	0	0	0	0	Organismal Systems; Nervous System; Neurotrophin signaling pathway
Nicotinate and nicotinamide metabolism	9835	3734	6909	4541	8552	14406	6709	11218	9099	2527	6588	4713	14706	37149	6749	1784	6653	7113	717	11682	1196	3667	6710	10927	5558	20743	1651	2298	6545	9958	6517	8194	22492	3174	2716	25059	11003	27889	23577	20528	14454	6752	6039	9348	658	19840	3937	5700	13651	8469	Metabolism; Metabolism of Cofactors and Vitamins; Nicotinate and nicotinamide metabolism
Nitrogen metabolism	14200	4191	11552	6895	16159	26244	11359	20413	16507	4365	10542	5187	25354	58049	14079	3608	6482	7748	1098	10124	2396	5264	10113	9679	5139	35302	2254	2936	9826	18424	11192	9702	39617	6342	3279	54579	22629	24345	23659	36464	21407	6699	9184	13913	1229	42908	8241	6431	16117	7605	Metabolism; Energy Metabolism; Nitrogen metabolism
Nitrotoluene degradation	1395	210	1859	1971	3439	2425	416	2204	524	181	893	151	3024	11734	1442	250	249	634	90	13	465	441	1119	161	40	5185	202	434	1281	1398	1302	558	8398	956	211	119	3410	215	1037	5831	3324	101	1107	1732	213	214	309	255	1627	40	Metabolism; Xenobiotics Biodegradation and Metabolism; Nitrotoluene degradation
Non-homologous end-joining	133	0	590	58	1085	0	6	2	20	0	141	12	10	410	38	24	24	16	0	2	4	0	1	0	0	17	18	4	36	46	68	30	119	14	4	2	9	43	58	256	175	6	76	7	4	0	22	6	44	16	Genetic Information Processing; Replication and Repair; Non-homologous end-joining
Notch signaling pathway	0	0	0	0	0	0	0	0	0	0	0	0	0	0	0	0	0	0	0	0	0	0	0	0	0	0	0	0	0	0	0	0	0	0	0	0	0	0	0	0	0	0	0	0	0	0	0	0	0	0	Environmental Information Processing; Signal Transduction; Notch signaling pathway
Novobiocin biosynthesis	2768	965	1785	1875	2224	4189	1903	3268	2769	717	2075	1199	4109	10977	2056	551	1646	1925	194	2717	489	1096	1650	2582	1275	5861	452	666	1956	3064	1809	2022	6994	950	691	6862	3446	6436	5613	6275	4150	1625	1881	2280	332	5415	1196	1342	3579	1948	Metabolism; Biosynthesis of Other Secondary Metabolites; Novobiocin biosynthesis
Nucleotide excision repair	8640	3268	6075	4292	7443	13611	5387	11116	7378	2123	5955	4306	14688	34805	7748	2051	5759	6591	667	9990	1214	3003	3640	9269	4789	20806	1505	1813	5011	8561	6384	7291	22833	3444	2434	20575	12067	23261	20144	19656	12275	5271	5238	4563	708	16197	3484	4412	12411	7126	Genetic Information Processing; Replication and Repair; Nucleotide excision repair
Nucleotide metabolism	1390	663	2245	576	3594	1901	702	1860	1176	295	1098	882	2330	2991	1385	356	968	994	99	1813	270	386	2444	1776	855	3371	205	484	782	636	1038	1214	2345	654	428	68	2354	4321	3780	4164	1699	626	1176	3739	109	105	460	1080	1805	1344	Unclassified; Metabolism; Nucleotide metabolism
Olfactory transduction	0	0	0	0	0	0	0	0	0	0	0	0	0	0	0	0	0	0	0	0	0	0	0	0	0	0	0	0	0	0	0	0	0	0	0	0	0	0	0	0	0	0	0	0	0	0	0	0	0	0	Organismal Systems; Sensory System; Olfactory transduction
One carbon pool by folate	12154	3616	8550	7419	11971	21527	9841	16048	13875	3679	8371	4570	20145	46397	10908	2786	5905	7254	901	9461	1966	5110	6436	8871	4982	27408	1971	2779	9002	14920	8765	8234	30366	4731	2736	40929	16638	21792	20406	27285	18637	6185	6991	8213	1075	32286	6047	5180	13815	6891	Metabolism; Metabolism of Cofactors and Vitamins; One carbon pool by folate
Oocyte meiosis	0	0	0	0	0	0	0	0	0	0	0	0	0	0	0	0	0	0	0	0	0	0	0	0	0	0	0	0	0	0	0	0	0	0	0	0	0	0	0	0	0	0	0	0	0	0	0	0	0	0	Cellular Processes; Cell Growth and Death; Oocyte meiosis
Other glycan degradation	8100	2351	3931	1708	4210	19115	10260	11420	15955	4087	5287	3125	10759	24743	5373	1036	4676	4370	745	7947	347	2005	1607	7286	3721	15182	857	741	5146	16636	6060	6337	16497	2462	2178	67532	8323	18746	15943	18654	9934	3552	3091	2020	294	52693	6551	3990	8861	5737	Metabolism; Glycan Biosynthesis and Metabolism; Other glycan degradation
Other ion-coupled transporters	25050	6902	23110	15989	36293	43104	21526	32330	31413	7793	17187	8633	39404	96303	21389	5746	10641	13754	1789	16075	4803	9192	27337	15663	8433	51880	4132	6215	19682	34447	17589	15376	61798	9381	5149	97729	33339	38170	36797	57769	39345	9482	15336	38151	2738	77071	14442	12141	26910	12163	Unclassified; Cellular Processes and Signaling; Other ion-coupled transporters
Other transporters	4684	982	4199	2989	6224	10133	4081	7647	5901	1574	2813	1389	9596	20836	5161	1156	1602	2272	382	1972	846	2242	4509	2142	1150	13302	841	1594	3479	6637	4207	2828	15317	2526	935	18242	8650	4884	5784	13447	8209	1601	2572	6579	576	14458	2744	2006	5028	1512	Unclassified; Cellular Processes and Signaling; Other transporters
Other types of O-glycan biosynthesis	0	0	0	0	0	0	0	0	0	0	0	0	0	0	0	0	0	0	0	0	0	0	0	0	0	0	0	0	0	0	0	0	0	0	0	0	0	0	0	0	0	0	0	0	0	0	0	0	0	0	Metabolism; Glycan Biosynthesis and Metabolism; Other types of O-glycan biosynthesis
Others	18180	5362	16678	9247	22333	30932	13453	25184	15775	4631	11962	9051	37907	82052	23556	6660	9606	12191	1488	14469	2612	6830	15307	13699	8046	45822	3195	4928	12992	22124	14581	13945	52953	8227	4257	59221	28425	33351	31875	52543	28864	8150	10682	21023	1609	46917	9843	9140	21997	10689	Unclassified; Metabolism; Others
Oxidative phosphorylation	19899	4965	16464	11023	22938	43472	17035	31075	22517	6683	11871	6390	38528	99957	21004	4751	7944	10282	1569	11185	3068	8627	15625	11266	6254	55932	3450	4952	15422	27980	17119	12880	70017	10060	4313	75206	34685	27200	28785	50050	32972	7156	10522	19691	2153	59324	10628	8512	23316	8599	Metabolism; Energy Metabolism; Oxidative phosphorylation
PPAR signaling pathway	2887	1067	1814	1409	2506	4106	2350	3000	3814	907	1786	1337	2725	8479	1497	383	1920	1828	196	3492	207	768	500	3230	1584	4729	426	314	1713	3418	1662	2216	4614	648	786	11315	2121	8452	6887	3688	3459	1996	1340	565	171	8857	1302	1592	3695	2581	Organismal Systems; Endocrine System; PPAR signaling pathway
Pancreatic cancer	0	0	0	0	0	0	0	0	0	0	0	0	0	0	0	0	0	0	0	0	0	0	0	0	0	0	0	0	0	0	0	0	0	0	0	0	0	0	0	0	0	0	0	0	0	0	0	0	0	0	Human Diseases; Cancers; Pancreatic cancer
Pancreatic secretion	0	0	0	0	0	0	0	0	0	0	0	0	0	0	0	0	0	0	0	0	0	0	0	0	0	0	0	0	0	0	0	0	0	0	0	0	0	0	0	0	0	0	0	0	0	0	0	0	0	0	Organismal Systems; Digestive System; Pancreatic secretion
Pantothenate and CoA biosynthesis	11927	3754	9788	7627	14245	19326	9379	14479	13018	3417	8581	4382	17868	54830	9186	2536	5913	7662	799	9458	2056	4796	7608	8926	4902	25324	2081	2904	10238	14046	8000	7788	33849	4164	2615	34168	14753	21950	20007	32307	19893	5998	7474	10095	1117	27011	5645	5437	14525	6825	Metabolism; Metabolism of Cofactors and Vitamins; Pantothenate and CoA biosynthesis
Parkinson's disease	0	0	0	0	3	0	0	0	0	0	0	0	6	0	0	0	0	0	0	0	0	0	0	0	0	0	0	0	0	0	0	0	0	3	0	0	3	0	0	0	0	0	0	0	0	0	33	9	5	24	Human Diseases; Neurodegenerative Diseases; Parkinson's disease
Pathogenic Escherichia coli infection	0	0	0	0	0	0	0	0	0	0	0	0	0	0	0	0	0	0	0	0	0	0	0	0	0	0	0	0	0	0	0	0	0	0	0	0	0	0	0	0	0	0	0	0	0	0	0	0	0	0	Human Diseases; Infectious Diseases; Pathogenic Escherichia coli infection
Pathways in cancer	593	126	486	500	811	1398	639	1015	947	232	453	144	1240	3064	791	200	132	182	45	9	158	358	614	85	61	1641	118	240	429	1023	520	269	2265	319	93	2288	1122	147	355	2024	1233	190	398	885	88	1805	378	243	541	40	Human Diseases; Cancers; Pathways in cancer
Penicillin and cephalosporin biosynthesis	314	76	605	64	1122	441	240	125	293	91	307	84	52	1822	290	111	31	182	20	73	54	16	143	18	78	409	41	41	280	1064	187	63	991	18	33	4496	90	106	192	402	549	515	260	28	71	3506	324	107	166	67	Metabolism; Biosynthesis of Other Secondary Metabolites; Penicillin and cephalosporin biosynthesis
Pentose and glucuronate interconversions	11924	1818	12730	5905	19149	30707	9868	21548	14008	4327	6215	3705	24244	57598	16099	3152	3590	4728	984	3770	1367	4568	8553	4059	1984	39077	1581	2029	7673	17775	12045	6734	43670	7501	2434	54400	25344	10116	13850	39442	18341	4321	5144	12281	954	42870	5852	3974	11141	2833	Metabolism; Carbohydrate Metabolism; Pentose and glucuronate interconversions
Pentose phosphate pathway	18769	4946	21591	9677	31733	34414	13495	27247	18069	5102	13387	7991	35707	84390	22559	5590	9185	11153	1438	13081	2728	8702	12814	12593	6734	50261	2792	4185	14943	21838	15863	13057	58219	9225	4302	56937	31461	31575	31146	48779	31000	8699	11021	17395	1456	45132	7378	7718	21614	9483	Metabolism; Carbohydrate Metabolism; Pentose phosphate pathway
Peptidases	37077	11362	29595	20931	39574	62116	29417	48263	40899	10744	25140	16125	62853	158814	34975	9344	20131	24218	2814	31748	5725	15470	23234	30255	16330	85040	6295	10193	26692	46619	27068	26814	101005	14236	8787	125129	49742	74778	68139	91978	58642	20581	22167	32732	3620	98674	16644	17318	46373	23038	Metabolism; Enzyme Families; Peptidases
Peptidoglycan biosynthesis	15606	5316	10998	9543	14443	23940	11750	18723	15784	4192	10847	7250	25534	71130	13805	3974	9250	11932	1119	15299	2457	6541	9491	14015	7955	33751	2718	3848	11134	17334	10543	11673	43924	5378	3772	38839	18957	34680	30559	37740	24806	8898	9787	11959	1301	30750	6863	7556	20531	10901	Metabolism; Glycan Biosynthesis and Metabolism; Peptidoglycan biosynthesis
Peroxisome	4459	1680	3094	1614	4434	6531	3729	4570	5787	1424	2844	1994	4487	12483	2061	548	2899	2999	299	5367	460	1191	2175	4878	2466	6926	652	666	2381	4950	2440	3430	6652	985	1194	15842	3343	12696	10380	6269	5567	2705	2326	2671	299	12538	2491	2567	5522	3889	Cellular Processes; Transport and Catabolism; Peroxisome
Pertussis	344	153	73	31	36	1163	888	510	1467	336	401	80	161	5	61	13	0	2	22	0	110	16	4056	123	4	31	78	382	274	1102	132	65	81	31	53	4511	268	274	259	268	469	92	636	6246	8	3532	895	760	8	176	Human Diseases; Infectious Diseases; Pertussis
Phagosome	0	0	0	0	0	0	0	0	0	0	0	0	0	0	0	0	0	0	0	0	0	0	0	0	0	0	0	0	0	0	0	0	0	0	0	0	0	0	0	0	0	0	0	0	0	0	0	0	0	0	Cellular Processes; Transport and Catabolism; Phagosome
Phenylalanine metabolism	3275	772	2793	1964	4071	6460	3014	4402	4123	1108	2329	1130	5526	12249	3020	800	1348	1542	260	1809	566	1149	3461	1871	907	7057	612	737	2677	5687	2490	2034	8394	1292	679	18133	4635	4617	4616	7279	4921	1384	2099	5009	412	14212	1844	1485	3246	1480	Metabolism; Amino Acid Metabolism; Phenylalanine metabolism
"Phenylalanine, tyrosine and tryptophan biosynthesis"	18120	6108	12535	9283	15716	29763	12866	23501	17136	4806	12749	7112	31656	80644	14499	3567	10602	13147	1338	17634	2800	7563	9141	15987	8824	43259	2911	3021	13457	19245	13317	13968	52597	7215	4577	45625	25482	40613	36255	47999	27595	9155	11002	11422	1753	35807	7598	8486	24247	12646	"Metabolism; Amino Acid Metabolism; Phenylalanine, tyrosine and tryptophan biosynthesis"
Phenylpropanoid biosynthesis	3930	1067	3500	1500	4797	7504	3745	4710	4687	1280	3507	1592	6799	18222	3088	833	2232	2023	286	3519	274	1088	1604	3319	1721	7165	441	441	2485	3639	2403	3172	8693	1267	957	6828	4218	8430	7214	20307	6760	1484	1885	2546	146	5358	2879	1987	4565	2546	Metabolism; Biosynthesis of Other Secondary Metabolites; Phenylpropanoid biosynthesis
Phosphatidylinositol signaling system	1730	629	840	673	811	2574	1743	1766	2457	601	1236	949	2107	6244	1416	495	1067	1406	128	1909	239	438	1114	1746	988	2464	356	478	1261	2795	955	1299	3410	324	429	9061	1171	4327	3529	3903	2501	1135	1040	1432	147	7115	983	957	2350	1373	Environmental Information Processing; Signal Transduction; Phosphatidylinositol signaling system
Phosphonate and phosphinate metabolism	1197	362	749	835	837	2275	1780	1708	2673	578	1019	487	2200	4531	984	293	654	802	100	985	211	382	959	887	555	1970	230	236	845	1978	798	906	2402	322	275	6787	1229	2211	1948	3683	1453	571	853	1289	105	5309	731	529	1334	724	Metabolism; Metabolism of Other Amino Acids; Phosphonate and phosphinate metabolism
Phosphotransferase system (PTS)	12146	3549	27305	3888	34464	19990	8596	19149	2411	1866	11026	11909	39273	60304	33979	9980	7206	8846	1085	9252	1406	3786	17524	9414	5784	40725	2180	5657	12843	7556	11903	11922	39349	7730	3075	3044	26008	24915	24517	20583	19426	12173	10635	25459	902	2197	2762	6930	17612	6572	Environmental Information Processing; Membrane Transport; Phosphotransferase system (PTS)
Photosynthesis	7878	2608	6879	4165	9240	11200	5517	8796	6955	1944	5235	3397	11769	40508	6291	1825	4370	5240	511	7428	950	2902	3202	6899	3744	16535	1228	1656	7193	8479	5017	5664	24177	2568	1852	18272	8945	17169	14984	25125	14032	4190	4506	4085	752	14431	3100	3494	10149	5301	Metabolism; Energy Metabolism; Photosynthesis
Photosynthesis - antenna proteins	0	0	0	0	0	0	0	0	0	0	0	0	0	0	0	0	0	0	0	0	0	0	0	0	0	0	0	0	0	0	0	0	0	0	0	0	0	0	0	0	0	0	0	0	34	0	0	0	0	0	Metabolism; Energy Metabolism; Photosynthesis - antenna proteins
Photosynthesis proteins	7881	2617	6885	4165	9248	11201	5517	8804	6955	1945	5235	3401	11778	40518	6296	1825	4384	5240	511	7428	951	2902	3474	6907	3744	16539	1238	1689	7196	8498	5017	5664	24212	2569	1852	18278	8953	17192	15004	25126	14099	4195	4533	4489	797	14434	3114	3553	10153	5305	Metabolism; Energy Metabolism; Photosynthesis proteins
Phototransduction	0	0	0	0	0	0	0	0	0	0	0	0	0	0	0	0	0	0	0	0	0	0	0	0	0	0	0	0	0	0	0	0	0	0	0	0	0	0	0	0	0	0	0	0	0	0	0	0	0	0	Organismal Systems; Sensory System; Phototransduction
Phototransduction - fly	0	0	0	0	0	0	0	0	0	0	0	0	0	0	0	0	0	0	0	0	0	0	0	0	0	0	0	0	0	0	0	0	0	0	0	0	0	0	0	0	0	0	0	0	0	0	0	0	0	0	Organismal Systems; Sensory System; Phototransduction - fly
Plant-pathogen interaction	2564	506	2411	2194	3991	4558	1604	3625	2521	648	1840	765	4463	11008	2729	689	890	1127	175	960	471	1415	1544	1080	563	6746	385	784	2444	3110	2060	1298	8307	1267	451	6870	4329	2397	2861	10509	5388	934	1397	2349	231	5455	840	852	2534	771	Organismal Systems; Environmental Adaptation; Plant-pathogen interaction
Polycyclic aromatic hydrocarbon degradation	1980	718	1205	1127	1476	2597	1940	1821	2470	610	1464	1035	2802	8467	1781	718	1148	1509	134	1955	306	734	490	1754	1087	2600	399	518	1698	2619	977	1458	4297	331	426	6805	1237	4304	3489	5296	3197	1260	1145	348	135	5359	1064	910	2459	1394	Metabolism; Xenobiotics Biodegradation and Metabolism; Polycyclic aromatic hydrocarbon degradation
Polyketide sugar unit biosynthesis	3796	985	2745	1769	3470	6604	3499	4716	4696	1229	2271	1395	5608	19912	3476	952	1763	2281	293	2859	374	1499	1020	2573	1504	8400	628	352	3270	6686	2821	2525	12092	1261	850	22592	4269	6573	6156	10271	6502	2239	1793	1004	345	17706	2323	1543	4587	2044	Metabolism; Metabolism of Terpenoids and Polyketides; Polyketide sugar unit biosynthesis
Pores ion channels	5278	1479	2141	2125	2979	12211	8717	7131	14188	3124	4238	1370	4368	11020	3026	821	1303	1791	411	1969	930	1571	10840	2243	1126	5963	885	1883	5093	13545	3145	2142	7417	1046	941	54129	4213	5193	4890	9864	6711	1605	3759	16336	443	42266	5936	3501	3091	1981	Unclassified; Cellular Processes and Signaling; Pores ion channels
Porphyrin and chlorophyll metabolism	15086	3235	13326	12558	21986	36329	10592	27090	18080	4981	12094	2298	29745	91259	15059	2418	4099	6469	1148	2877	4358	8409	8997	4241	1657	51575	1756	5480	10687	21208	14649	6877	71236	9753	2853	50309	35209	7948	14003	47686	33998	4003	11082	12103	1599	40031	6995	3730	16222	2585	Metabolism; Metabolism of Cofactors and Vitamins; Porphyrin and chlorophyll metabolism
Prenyltransferases	6191	2354	3822	3133	4905	9342	5325	6743	7657	1905	4678	3148	7981	21544	5242	1755	3682	4148	426	6371	960	2219	3543	6007	3130	10584	1071	1372	4391	7467	3615	4545	12503	1603	1536	20456	5857	14982	12540	11679	8774	3696	3930	4292	502	16092	3482	3301	7678	4570	Metabolism; Metabolism of Terpenoids and Polyketides; Prenyltransferases
Primary bile acid biosynthesis	1218	444	899	192	1123	1395	826	1201	1095	270	764	643	1669	3856	774	223	958	874	97	1741	37	354	22	1589	765	1991	132	190	762	1328	756	1160	2251	316	382	4512	1043	4052	3217	3552	1324	663	513	89	34	3512	512	652	1653	1239	Metabolism; Lipid Metabolism; Primary bile acid biosynthesis
Primary immunodeficiency	1208	368	1248	275	1752	2335	923	1922	1389	370	705	540	2317	4775	1449	339	568	842	91	986	131	400	778	909	546	3415	192	406	776	1041	1006	870	3318	631	290	2303	2092	2236	2177	2627	1978	591	483	988	81	1846	628	627	1486	697	Human Diseases; Immune System Diseases; Primary immunodeficiency
Prion diseases	190	4	408	27	558	806	117	710	17	57	93	17	1187	1170	482	57	43	58	29	4	14	21	254	8	25	1455	21	33	8	62	392	223	1114	310	57	19	1040	29	287	460	344	13	100	397	27	40	13	43	218	5	Human Diseases; Neurodegenerative Diseases; Prion diseases
Progesterone-mediated oocyte maturation	569	56	452	484	682	1396	568	973	837	224	326	57	1210	3041	539	103	116	178	43	8	93	357	256	70	45	1629	105	190	409	927	513	265	2239	312	81	2278	1048	90	324	1964	1178	155	239	473	48	1801	256	154	533	19	Organismal Systems; Endocrine System; Progesterone-mediated oocyte maturation
Propanoate metabolism	8799	2841	7184	6605	10454	12979	6697	10529	8351	2181	6124	4213	15186	39757	9398	2832	4937	6180	659	7618	1804	4396	8354	7175	4011	19334	1720	2603	8446	11036	6238	6354	24673	3246	2056	27358	11457	17805	16170	20741	14099	5060	6039	11067	809	21791	4459	4526	11457	5894	Metabolism; Carbohydrate Metabolism; Propanoate metabolism
Prostate cancer	582	65	452	485	682	1537	740	1095	1219	296	337	60	1212	3041	539	103	116	178	44	8	93	357	257	72	45	1629	105	190	409	945	514	274	2239	312	81	2278	1048	90	324	1964	1178	155	239	473	48	1801	469	194	533	19	Human Diseases; Cancers; Prostate cancer
Proteasome	1185	526	676	524	700	1404	676	1201	933	258	738	597	1682	4271	539	141	970	920	87	1742	97	373	386	1640	807	2231	213	212	519	965	711	1137	2289	314	367	2286	1060	4210	3374	2154	1508	885	657	499	54	1801	382	770	1855	1241	"Genetic Information Processing; Folding, Sorting and Degradation; Proteasome"
Protein digestion and absorption	662	225	111	28	2	1309	1166	751	1962	423	411	285	247	615	60	19	427	373	53	868	8	31	3	784	368	301	80	26	401	1491	285	511	25	0	192	6741	4	2043	1531	393	396	401	238	7	9	5254	463	349	669	613	Organismal Systems; Digestive System; Protein digestion and absorption
Protein export	11208	3674	9006	6347	12497	21144	10159	15634	14576	3835	8140	4635	19011	46387	10362	2844	5887	7521	820	9550	1942	5088	6889	8878	5055	25891	1874	2995	7859	13291	8196	7974	30233	4437	2653	31947	15675	21813	20108	27088	17854	5954	6910	8721	1011	25271	5718	5198	13805	6878	"Genetic Information Processing; Folding, Sorting and Degradation; Protein export"
Protein folding and associated processing	12006	4541	9607	5987	13186	19904	10484	15535	15345	3825	8928	5425	18738	54301	9737	2711	7247	8858	892	12162	2063	4188	12984	11255	6061	26031	2119	2851	7416	15010	8340	9100	34230	4195	3137	40969	15040	28395	24767	22260	19016	7474	8494	17437	1131	32319	6008	6982	15939	8879	Unclassified; Genetic Information Processing; Protein folding and associated processing
Protein kinases	6075	1659	7141	3723	11677	9980	3841	7821	5380	1545	3739	2333	10066	30042	5555	1371	3130	4056	411	4862	733	2542	8249	4472	2557	14868	950	1403	4160	6085	4547	4061	19621	2607	1347	13747	8652	11210	10687	18341	11053	2772	3412	11124	535	11004	2175	3266	7001	3740	Metabolism; Enzyme Families; Protein kinases
Protein processing in endoplasmic reticulum	1130	272	566	525	692	2123	1267	1418	2053	481	756	481	1463	3409	1076	322	551	555	97	875	106	388	322	852	414	1949	172	203	777	2311	810	759	2313	313	257	9020	1056	2137	1865	2315	1549	592	512	491	62	7056	507	465	1224	631	"Genetic Information Processing; Folding, Sorting and Degradation; Protein processing in endoplasmic reticulum"
Proximal tubule bicarbonate reclamation	301	93	35	361	137	582	450	252	779	165	206	27	48	210	52	10	12	5	25	0	73	15	259	43	22	11	56	199	318	1031	148	49	59	5	30	4498	87	56	38	201	199	22	195	478	33	3507	324	146	31	18	Organismal Systems; Excretory System; Proximal tubule bicarbonate reclamation
Purine metabolism	44830	16048	34468	23413	46657	73234	32818	57143	44789	12292	31470	20935	74232	191096	43158	12111	26119	31953	3362	44032	7103	17094	28799	40843	22329	102854	7308	11009	29960	51639	32491	34008	121326	17134	11367	136714	60623	101481	90337	98254	68718	25498	28436	37256	3950	107973	20889	22696	57491	31676	Metabolism; Nucleotide Metabolism; Purine metabolism
Pyrimidine metabolism	37073	12412	28544	21792	38871	63167	27336	48372	36515	10235	25228	16336	63159	152229	35341	9408	21050	25951	2801	34753	5673	15334	20733	32195	17677	87043	5935	9061	25513	42779	27447	27726	99417	14828	9225	109373	51973	79749	71991	82501	55426	19643	22298	26563	3206	86325	16063	17379	46415	24831	Metabolism; Nucleotide Metabolism; Pyrimidine metabolism
Pyruvate metabolism	19954	5497	16043	13894	23886	35089	17496	26041	24158	6240	13115	8697	33419	87931	21632	6219	9507	12103	1458	14330	3493	8556	13614	13617	7683	44586	3376	4826	16308	25712	14458	13083	56753	7652	4314	68204	26790	33200	31559	46962	32258	9854	11615	18146	1713	54097	9172	8631	23419	10651	Metabolism; Carbohydrate Metabolism; Pyruvate metabolism
RIG-I-like receptor signaling pathway	16	5	3	0	1	0	32	2	4	0	4	4	3	0	0	3	3	3	0	3	14	13	320	5	2	8	3	7	200	33	4	0	4	2	1	0	1	12	18	88	130	4	38	399	7	37	13	40	0	4	Organismal Systems; Immune System; RIG-I-like receptor signaling pathway
RNA degradation	9806	3234	6572	5086	8045	17616	8487	13274	11866	3167	6735	4170	16775	37340	8571	2274	5444	6257	746	9170	1354	3689	5374	8599	4556	22303	1524	1956	6589	11415	7090	7470	24157	3770	2474	31867	13301	21455	19227	23512	14190	5426	5841	6910	772	25098	4581	4656	12049	6592	"Genetic Information Processing; Folding, Sorting and Degradation; RNA degradation"
RNA polymerase	3385	1312	2311	1982	2910	5018	2242	4132	2810	802	2348	1751	5885	14576	3324	989	2191	2680	252	3766	543	1444	1737	3457	1925	7818	535	816	2208	3270	2383	2760	9041	1260	894	6891	4481	8529	7450	5812	5042	2083	2176	2053	311	5468	1370	1718	4631	2675	Genetic Information Processing; Transcription; RNA polymerase
RNA transport	1952	160	1844	1609	2688	4542	1759	3499	2248	645	1094	601	4861	13458	3068	750	504	1200	147	236	368	1416	1318	254	331	6728	351	493	2300	2672	1912	981	9933	1247	288	4616	4200	299	1325	7819	4668	222	896	1812	191	3715	634	421	2206	190	Genetic Information Processing; Translation; RNA transport
Regulation of actin cytoskeleton	0	0	0	0	0	0	0	0	0	0	0	0	0	0	0	0	0	0	0	0	0	0	0	0	0	0	0	0	0	0	0	0	0	0	0	0	0	0	0	0	0	0	0	0	0	0	0	0	0	0	Cellular Processes; Cell Motility; Regulation of actin cytoskeleton
Renal cell carcinoma	24	70	34	16	129	2	71	42	110	8	127	87	30	23	252	97	16	4	2	1	65	1	358	15	16	12	13	50	20	96	7	4	26	7	12	10	74	57	31	60	55	35	159	412	40	4	122	89	6	21	Human Diseases; Cancers; Renal cell carcinoma
Renin-angiotensin system	0	0	0	0	0	0	0	0	0	0	0	0	0	0	0	0	0	0	0	0	0	0	0	0	0	0	0	0	0	0	0	0	0	0	0	0	0	0	0	0	0	0	0	0	0	0	0	0	0	0	Organismal Systems; Endocrine System; Renin-angiotensin system
"Replication, recombination and repair proteins"	16277	4946	11203	12922	14709	25338	10503	21702	12127	3633	10566	7092	35206	76822	17110	4487	9234	11118	1303	14867	2557	4974	9938	14038	7754	42051	2747	3831	9271	14653	12373	13341	49183	7175	4011	27709	25039	34775	32121	35861	25025	8620	10288	13652	1380	22010	5141	7244	21874	10570	"Unclassified; Genetic Information Processing; Replication, recombination and repair proteins"
Restriction enzyme	3400	1205	804	1697	648	3385	3278	2060	5219	1120	2994	1556	2206	8157	1268	645	2035	2263	260	3643	566	1477	1384	3358	1773	2049	647	634	3860	7436	1450	2263	3589	19	735	29268	406	8448	6484	6884	4770	2372	2299	1598	177	22901	1833	1566	4079	2558	Unclassified; Genetic Information Processing; Restriction enzyme
Retinol metabolism	459	262	144	63	53	7	77	170	82	19	282	366	287	1338	287	143	480	438	40	881	42	50	888	816	413	381	155	60	381	957	255	470	383	9	160	4505	46	2125	1631	312	518	403	377	1202	45	3580	161	475	707	687	Metabolism; Metabolism of Cofactors and Vitamins; Retinol metabolism
Rheumatoid arthritis	0	0	0	0	0	0	0	0	0	0	0	0	0	0	0	0	0	0	0	0	0	0	0	0	0	0	0	0	0	0	0	0	0	0	0	0	0	0	0	0	0	0	0	0	0	0	0	0	0	0	Human Diseases; Immune System Diseases; Rheumatoid arthritis
Riboflavin metabolism	3546	950	2528	2864	4056	4721	3081	3224	4897	1077	2783	1040	3179	14789	1832	603	1294	1682	217	1868	629	1116	4079	1998	971	4563	500	1214	3237	6497	1836	1610	8878	690	592	20382	2629	4635	4071	9028	5997	1225	2420	5686	408	15908	2163	1614	3237	1497	Metabolism; Metabolism of Cofactors and Vitamins; Riboflavin metabolism
Ribosome	46948	17300	30701	26762	38287	72499	34442	56995	46285	12537	32848	22396	76464	194250	41239	11932	28960	34400	3432	49210	7351	18953	22632	45720	24780	102965	8138	10971	31900	49857	32025	36699	119589	16393	12032	116558	58324	113581	98968	100030	69964	28973	29676	27545	4129	92103	20680	23263	62514	35093	Genetic Information Processing; Translation; Ribosome
Ribosome Biogenesis	26085	8876	18981	16244	24479	41196	19320	32582	24980	6864	18774	11806	46092	115994	25038	7211	14691	18534	1894	23731	4409	11563	19756	22213	12542	59436	4590	6769	19724	28700	18395	19377	73447	9840	6210	64105	34909	54677	49345	66340	43347	14218	17269	26338	2444	50825	11598	12979	33349	17249	Genetic Information Processing; Translation; Ribosome Biogenesis
Ribosome biogenesis in eukaryotes	1215	565	726	544	735	1404	725	1218	944	258	844	707	1717	4279	784	244	977	1030	87	1796	147	374	419	1652	848	2484	239	243	739	1016	731	1137	2298	319	374	2294	1133	4290	3526	2255	1588	1164	838	522	90	1808	474	792	1908	1290	Genetic Information Processing; Translation; Ribosome biogenesis in eukaryotes
Salivary secretion	0	0	0	0	0	0	0	0	0	0	0	0	0	0	0	0	0	0	0	0	0	0	0	0	0	0	0	0	0	0	0	0	0	0	0	0	0	0	0	0	0	0	0	0	0	0	0	0	0	0	Organismal Systems; Digestive System; Salivary secretion
Secondary bile acid biosynthesis	1174	444	618	182	582	1395	826	1201	1095	270	738	643	1667	3754	774	223	955	873	97	1741	37	354	22	1589	765	1991	132	190	762	1328	739	1150	2249	309	381	4512	1042	4051	3205	3473	1295	663	513	89	33	3512	501	649	1653	1231	Metabolism; Lipid Metabolism; Secondary bile acid biosynthesis
Secretion system	18666	6169	18409	12008	28883	27755	12197	22042	17372	4585	14905	8428	29508	74635	17594	5431	9417	12208	1186	14730	3488	8122	32421	14282	8032	39584	3844	6868	15139	17862	12206	11955	48690	6950	3945	32497	24707	34594	32134	60232	33145	9533	14125	46921	1806	25682	9791	11619	21180	11944	Environmental Information Processing; Membrane Transport; Secretion system
Selenocompound metabolism	7624	2916	6684	3804	9153	10674	5947	8537	8050	2064	5673	3831	11633	30299	6257	1984	4816	5403	543	8310	1190	2619	5295	7774	4139	14693	1327	1860	5397	8079	4803	6076	17248	2267	1958	20533	8143	19532	16636	18480	11622	5385	5192	7212	667	16195	3561	4234	10307	5961	Metabolism; Metabolism of Other Amino Acids; Selenocompound metabolism
Sesquiterpenoid biosynthesis	0	0	0	0	0	0	0	0	0	0	0	0	0	0	0	0	0	0	0	0	0	0	0	0	0	0	0	0	0	0	0	0	0	0	0	0	0	0	0	0	0	0	0	0	0	0	0	0	0	0	Metabolism; Metabolism of Terpenoids and Polyketides; Sesquiterpenoid biosynthesis
Shigellosis	0	0	0	0	0	0	0	0	0	0	0	0	0	0	0	0	0	0	0	0	0	0	0	0	0	0	0	0	0	0	0	0	0	0	0	0	0	0	0	0	0	0	0	0	0	0	0	0	0	0	Human Diseases; Infectious Diseases; Shigellosis
Signal transduction mechanisms	8914	2686	7228	6232	9991	13995	6043	11613	7386	2121	5892	4085	17392	46075	9862	2742	4974	6173	648	7511	1606	4622	8953	7243	3943	21978	1548	2684	6628	8570	6575	6648	28912	3804	2074	13887	13278	17534	16249	26895	15144	4045	5723	12660	752	11131	3506	4426	12006	5581	Unclassified; Cellular Processes and Signaling; Signal transduction mechanisms
Small cell lung cancer	0	0	0	0	0	0	0	0	0	0	0	0	0	0	0	0	0	0	0	0	0	0	0	0	0	0	0	0	0	0	0	0	0	0	0	0	0	0	0	0	0	0	0	0	0	0	0	0	2	0	Human Diseases; Cancers; Small cell lung cancer
Sphingolipid metabolism	5854	1391	3035	1626	3586	14371	6056	9805	10104	2588	3814	1749	9245	20966	4789	695	2692	2818	531	4432	373	1607	797	4108	2011	15794	747	617	3915	10466	5230	4067	15150	2757	1499	40581	9311	10635	10317	16384	8380	2670	2183	1134	244	31711	4147	2416	6354	3153	Metabolism; Lipid Metabolism; Sphingolipid metabolism
Spliceosome	0	0	0	0	0	0	0	0	0	0	0	0	0	0	0	0	0	0	0	0	0	0	0	0	0	0	0	0	0	0	0	0	0	0	0	0	0	0	0	0	0	0	0	0	0	0	0	0	0	0	Genetic Information Processing; Transcription; Spliceosome
Sporulation	13049	1119	16162	12763	25393	27114	4219	23506	3280	1981	7539	1915	36499	90884	16695	2796	4012	6013	1044	1950	2629	9861	295	3025	1546	53186	1970	4105	12509	10762	14692	7734	68435	10244	2275	5196	34318	5327	12439	62991	30707	1240	6297	2236	1267	4934	556	1569	16575	1433	Unclassified; Cellular Processes and Signaling; Sporulation
Staphylococcus aureus infection	64	108	105	11	281	0	87	12	38	6	74	576	82	18	1465	678	37	639	0	307	30	25	1057	45	314	100	77	26	57	29	1	18	28	2	8	13	55	53	116	112	261	155	64	149	7	45	134	69	24	158	Human Diseases; Infectious Diseases; Staphylococcus aureus infection
Starch and sucrose metabolism	23792	7418	19532	10501	26286	36385	17215	27393	23148	6160	16901	10872	36333	105537	19294	5121	14193	16453	1693	23803	2423	7853	14981	22092	11536	46313	3665	4059	16424	24643	15563	18193	61763	7915	5909	61362	26710	54829	46641	78181	37211	10568	12094	20880	1360	48343	10959	12184	30791	16875	Metabolism; Carbohydrate Metabolism; Starch and sucrose metabolism
Steroid biosynthesis	0	0	0	0	0	0	0	0	0	0	0	0	2	0	0	0	0	0	0	0	0	0	0	0	0	0	0	0	0	0	0	0	0	0	0	0	0	0	0	0	0	0	0	0	4	0	0	0	2	0	Metabolism; Lipid Metabolism; Steroid biosynthesis
Steroid hormone biosynthesis	335	31	3	7	0	1022	713	368	1169	256	314	15	14	10	44	4	14	3	25	0	7	16	255	10	2	4	22	27	244	1090	132	75	28	2	39	4492	8	17	16	259	347	34	65	393	7	3502	662	164	16	13	Metabolism; Lipid Metabolism; Steroid hormone biosynthesis
"Stilbenoid, diarylheptanoid and gingerol biosynthesis"	15	1	59	5	4	4	102	30	8	8	19	27	335	255	61	30	20	7	6	1	0	1	2	6	26	1	0	1	0	56	13	76	1	1	1	0	2	2	2	0	11	0	17	4	4	2	23	4	46	9	"Metabolism; Biosynthesis of Other Secondary Metabolites; Stilbenoid, diarylheptanoid and gingerol biosynthesis"
Streptomycin biosynthesis	6599	2132	4387	2873	5372	10062	6088	6918	8065	2051	4278	2985	8206	28191	5153	1583	3786	4504	469	6486	645	2267	2258	5890	3238	11523	1085	827	5566	9902	4084	4753	15955	1598	1600	31645	5470	15032	12738	17667	9795	4154	3386	2442	465	24822	3657	3215	8329	4611	Metabolism; Biosynthesis of Other Secondary Metabolites; Streptomycin biosynthesis
Styrene degradation	296	15	931	380	1950	1	47	12	102	3	114	141	64	1818	286	152	58	97	6	2	120	26	257	20	2	141	86	10	284	276	80	38	834	34	7	9	79	59	89	335	541	38	115	400	81	10	169	97	410	103	Metabolism; Xenobiotics Biodegradation and Metabolism; Styrene degradation
Sulfur metabolism	5517	1785	3820	2916	5250	8062	5397	5974	8340	1873	4406	2250	6668	18635	3668	1152	2733	3145	360	4640	832	1861	4354	4363	2343	8141	833	1182	5374	7333	3062	3530	10810	1310	1182	22664	4784	10871	9201	14729	8955	2355	3443	6008	420	17794	3357	2858	6018	3434	Metabolism; Energy Metabolism; Sulfur metabolism
Sulfur relay system	4290	1140	3305	3413	4672	8003	2168	5882	2518	942	2869	1342	7844	22468	4420	1076	1481	2397	297	1988	904	1883	5776	2157	1135	11982	770	1716	3885	5518	3523	2337	16252	2219	823	11499	7928	4798	5431	14918	8440	1339	2975	8582	423	9138	2285	2085	5016	1656	"Genetic Information Processing; Folding, Sorting and Degradation; Sulfur relay system"
Synthesis and degradation of ketone bodies	439	88	716	861	1470	9	84	27	179	4	405	362	86	579	773	331	100	164	7	58	165	330	383	80	69	50	50	189	512	387	67	28	175	30	13	17	102	97	101	290	841	93	306	501	65	17	236	121	239	140	Metabolism; Lipid Metabolism; Synthesis and degradation of ketone bodies
Systemic lupus erythematosus	0	0	0	0	1	0	0	0	0	0	0	0	0	0	0	0	0	0	0	0	0	0	0	0	0	0	0	0	0	0	0	0	0	1	0	0	1	0	0	0	0	0	0	0	0	0	11	3	0	8	Human Diseases; Immune System Diseases; Systemic lupus erythematosus
TGF-beta signaling pathway	0	0	0	0	0	0	0	0	0	0	0	0	0	0	0	0	0	0	0	0	0	0	0	0	0	0	0	0	0	0	0	0	0	0	0	0	0	0	0	0	0	0	0	0	0	0	0	0	0	0	Environmental Information Processing; Signal Transduction; TGF-beta signaling pathway
Taurine and hypotaurine metabolism	2204	673	1257	1369	1594	3964	2300	2714	3339	820	1598	1042	2994	7781	2148	653	1140	1436	158	1914	323	761	1385	1748	976	3940	325	514	1550	3157	1343	1470	4596	639	513	9063	2281	4406	3859	4537	3209	1314	1359	1800	220	7153	1283	1069	2433	1404	Metabolism; Metabolism of Other Amino Acids; Taurine and hypotaurine metabolism
Terpenoid backbone biosynthesis	11377	3798	8200	7399	11072	18050	8310	13837	11210	3018	8054	5147	18021	45039	10574	3035	6238	7347	811	10172	1915	5046	5080	9663	5132	24598	1852	2676	8705	13053	7839	8107	28340	4116	2705	31937	14613	23704	21183	23764	17455	6216	6987	6233	1093	25213	5040	5096	13953	7331	Metabolism; Metabolism of Terpenoids and Polyketides; Terpenoid backbone biosynthesis
Tetracycline biosynthesis	1945	201	1934	1765	2981	4428	1808	3475	1991	590	1062	670	5222	15378	3446	918	523	1339	176	299	429	1761	1452	314	422	6897	491	792	2529	3382	2093	1093	10680	1254	311	9125	4229	359	1418	4269	4425	609	1026	2001	224	7261	725	464	2384	275	Metabolism; Metabolism of Terpenoids and Polyketides; Tetracycline biosynthesis
Thiamine metabolism	10338	3415	6807	5925	8415	16132	7815	12190	9991	2765	7707	4865	16618	44187	9441	2885	6165	7152	738	10063	1707	4385	5202	9480	4962	21577	1771	2315	8529	11747	6793	7811	27296	3466	2547	27388	12477	23441	20473	26121	16920	5550	6629	6762	968	21684	4116	4662	13635	7245	Metabolism; Metabolism of Cofactors and Vitamins; Thiamine metabolism
Tight junction	0	0	0	0	0	0	0	0	0	0	0	0	0	0	0	0	0	0	0	0	0	0	0	0	0	0	0	0	0	0	0	0	0	0	0	0	0	0	0	0	0	0	0	0	0	0	0	0	0	0	Cellular Processes; Cell Communication; Tight junction
Toluene degradation	1859	665	1333	821	2053	3389	1531	2585	2422	637	1058	743	2351	6484	1235	398	950	985	131	1748	251	395	2997	1674	807	3881	520	341	903	2471	1241	1298	4025	646	468	6975	2335	4399	3879	1615	1882	946	1105	4020	355	5297	1147	1253	2170	1327	Metabolism; Xenobiotics Biodegradation and Metabolism; Toluene degradation
Toxoplasmosis	0	0	0	0	0	0	0	0	0	0	0	0	0	0	0	0	0	0	0	0	0	0	0	0	0	0	0	0	0	0	0	0	0	0	0	0	0	0	0	0	0	0	0	0	0	0	0	0	2	0	Human Diseases; Infectious Diseases; Toxoplasmosis
Transcription factors	35485	9388	43493	23498	67840	58615	17966	48845	21781	7142	22853	14838	70317	179912	41001	10083	17889	22506	2541	25680	5680	15923	34826	25124	13361	99507	5573	10323	24774	29651	29324	24727	120672	18196	7923	44354	61956	61203	61060	97260	62227	16213	21420	51061	2953	35849	11248	16647	44141	19082	Genetic Information Processing; Transcription; Transcription factors
Transcription machinery	18845	4237	12849	14999	20047	35634	16959	25960	25817	6417	11479	5649	30118	80334	15737	3692	7897	9674	1394	11101	2948	8679	6847	10847	5709	42704	2852	3933	14885	26802	13954	11316	54250	7540	3816	77111	25822	26272	25927	48374	29594	6584	9189	9469	1419	60612	9373	6786	20372	8208	Genetic Information Processing; Transcription; Transcription machinery
Transcription related proteins	146	20	111	21	28	801	62	677	11	51	5	100	864	803	665	122	8	48	23	3	7	7	543	22	0	1699	24	38	215	55	385	138	1086	305	59	14	1051	123	419	430	189	292	119	785	9	4	49	120	209	25	Unclassified; Genetic Information Processing; Transcription related proteins
Translation factors	10185	3447	6832	6017	8626	17375	8391	13156	11270	3036	7325	4488	17539	42581	9442	2664	5758	6975	755	9360	1726	4362	5556	8789	4814	22783	1693	2529	6990	11621	7153	7610	27149	3786	2484	27406	13503	21589	19336	22668	15677	5852	6500	7271	967	21661	4836	4740	12930	6723	Genetic Information Processing; Translation; Translation factors
Translation proteins	16858	5559	12869	10588	17378	27193	11966	21585	16114	4404	11810	7367	29119	70829	15758	4285	9389	11276	1235	14980	3039	7968	11694	14319	7709	39319	3023	4926	12242	18217	12235	12286	45466	6663	4036	41228	23532	34958	31924	41385	27116	9255	10952	16281	1699	32800	7599	8152	21581	10961	Unclassified; Genetic Information Processing; Translation proteins
Transporters	157877	55253	202164	83742	307223	208672	70610	186257	80709	26728	110237	84005	282279	766164	172230	47739	104401	117582	11105	166611	21957	69516	118011	155194	82279	376848	23035	34474	92250	116862	116459	128247	474282	66945	40937	186435	227959	387896	341061	402506	255797	77682	98549	158894	12280	150152	47827	82339	212373	119981	Environmental Information Processing; Membrane Transport; Transporters
"Tropane, piperidine and pyridine alkaloid biosynthesis"	2276	748	1560	1813	2190	3524	2001	2589	3118	721	1857	911	3028	7913	1624	491	1160	1289	150	1794	441	1054	1589	1769	873	3951	367	629	1853	2753	1330	1449	4801	648	488	6832	2415	4361	3823	4498	3406	1144	1561	2261	268	5371	1160	1077	2488	1331	"Metabolism; Biosynthesis of Other Secondary Metabolites; Tropane, piperidine and pyridine alkaloid biosynthesis"
Tryptophan metabolism	2183	815	2480	1430	4026	2660	1253	2065	1522	420	1588	1081	3201	8875	1869	643	1191	1343	132	1862	463	740	5182	1886	960	4085	388	926	1652	1913	1254	1455	5484	717	482	2360	2617	4650	4109	3427	3598	1209	1837	7386	232	1928	1822	1716	2549	1770	Metabolism; Amino Acid Metabolism; Tryptophan metabolism
Tuberculosis	2971	945	1811	1956	2264	4643	2366	3377	2996	818	2049	1345	4750	11429	2688	831	1678	2088	213	2831	427	1119	1355	2580	1443	5865	500	618	2434	3602	1923	2211	6829	945	706	9099	3308	6427	5629	7828	4594	1798	1720	1529	262	7199	1293	1349	3695	1995	Human Diseases; Infectious Diseases; Tuberculosis
Two-component system	23458	5408	29464	17969	51660	36159	14921	28021	22816	5795	16806	8014	34590	99346	22078	6317	8900	11655	1420	11027	3938	10852	36116	11435	6160	50376	3797	7436	18957	26490	15977	11822	67188	9341	3984	57500	31607	27228	28782	102705	43802	8611	14819	51749	2715	45323	11502	12019	21210	9433	Environmental Information Processing; Signal Transduction; Two-component system
Type I diabetes mellitus	1068	337	588	522	725	1981	1111	1341	1619	406	780	430	1482	3997	806	253	549	656	78	929	147	374	481	866	472	1960	183	244	800	1507	680	735	2273	316	248	4534	1127	2152	1891	2249	1496	573	609	521	83	3559	603	482	1206	663	Human Diseases; Metabolic Diseases; Type I diabetes mellitus
Type II diabetes mellitus	937	330	641	540	728	1404	823	1141	977	255	662	432	1810	4004	843	257	571	666	72	930	144	366	670	871	494	1954	176	243	679	992	644	779	2315	317	236	2281	1129	2159	1881	2170	1405	552	612	898	75	1807	413	483	1258	674	Human Diseases; Metabolic Diseases; Type II diabetes mellitus
Tyrosine metabolism	6371	2222	5605	3919	8115	8479	5109	6713	7183	1746	4619	3436	9097	26011	5954	2023	3890	4559	441	6498	1002	2265	6557	6134	3265	10832	1313	1743	4617	7149	3741	4778	13868	1663	1513	18218	5841	15216	12898	12196	9779	3959	4176	9136	541	14454	2955	3633	8189	4864	Metabolism; Amino Acid Metabolism; Tyrosine metabolism
Ubiquinone and other terpenoid-quinone biosynthesis	2761	1406	1363	374	1350	7516	4340	4643	6432	1634	2622	1248	4026	5221	2271	706	1395	1456	227	2655	586	180	5976	2573	1293	5410	514	805	2019	5028	2003	2107	3673	976	825	18123	3990	6742	5873	5578	3255	1602	2630	8029	195	14181	3072	2376	2915	2056	Metabolism; Metabolism of Cofactors and Vitamins; Ubiquinone and other terpenoid-quinone biosynthesis
Ubiquitin system	467	249	117	23	18	444	268	212	273	103	225	278	253	615	21	20	427	371	32	867	6	16	275	794	381	305	67	50	177	532	165	468	31	3	157	2252	21	2080	1546	186	232	380	241	405	7	1754	300	394	661	624	"Genetic Information Processing; Folding, Sorting and Degradation; Ubiquitin system"
VEGF signaling pathway	0	0	0	0	0	0	0	0	0	0	0	0	0	0	0	0	0	0	0	0	0	0	0	0	0	0	0	0	0	0	0	0	0	0	0	0	0	0	0	0	0	0	0	0	0	0	0	0	0	0	Environmental Information Processing; Signal Transduction; VEGF signaling pathway
"Valine, leucine and isoleucine biosynthesis"	16210	5690	13217	10016	18846	21802	10386	17477	13963	3748	11230	6532	23777	73963	10660	2989	9922	12222	1086	16820	2463	6526	9205	15293	8413	33356	2815	3030	12093	15944	10412	12100	43941	5132	3955	36538	18033	38674	33437	36774	24912	8771	10137	11500	1458	28877	6242	7950	21765	12034	"Metabolism; Amino Acid Metabolism; Valine, leucine and isoleucine biosynthesis"
"Valine, leucine and isoleucine degradation"	3883	1375	3571	3139	6426	5140	3590	3392	5238	1181	2953	2005	3583	10290	3687	1376	1796	2028	207	2843	792	1096	4951	2801	1498	4681	494	1246	3466	4650	1739	2046	5445	769	753	11381	2871	6857	5851	6039	5384	2184	2781	6497	330	8978	3011	2294	3208	2582	"Metabolism; Amino Acid Metabolism; Valine, leucine and isoleucine degradation"
Various types of N-glycan biosynthesis	0	0	0	0	0	0	0	0	0	0	0	0	0	0	0	0	0	0	0	0	0	0	0	0	0	0	0	0	0	0	0	0	1	0	0	0	0	0	0	0	0	0	0	0	0	0	0	0	0	0	Metabolism; Glycan Biosynthesis and Metabolism; Various types of N-glycan biosynthesis
Vascular smooth muscle contraction	0	0	0	0	0	0	0	0	0	0	0	0	0	0	0	0	0	0	0	0	0	0	0	0	0	0	0	0	0	0	0	0	0	0	0	0	0	0	0	0	0	0	0	0	0	0	0	0	0	0	Organismal Systems; Circulatory System; Vascular smooth muscle contraction
Vasopressin-regulated water reabsorption	0	0	0	0	0	0	0	0	0	0	0	0	0	0	0	0	0	0	0	0	0	0	0	0	0	0	0	0	0	0	0	0	0	0	0	0	0	0	0	0	0	0	0	0	0	0	0	0	2	0	Organismal Systems; Excretory System; Vasopressin-regulated water reabsorption
Vibrio cholerae infection	0	0	0	0	0	0	0	0	0	0	0	0	0	0	0	0	0	0	0	0	0	0	0	0	0	0	1	0	0	0	0	0	0	1	0	0	1	0	0	0	0	0	0	0	0	0	11	3	0	8	Human Diseases; Infectious Diseases; Vibrio cholerae infection
Vibrio cholerae pathogenic cycle	1618	364	1673	984	2506	3433	949	2538	1239	430	863	517	3191	5950	1696	302	619	854	127	937	158	400	1935	971	487	4921	249	526	1156	1782	1467	1035	4762	947	356	4576	3159	2349	2544	4433	2348	610	788	2947	147	3572	502	790	1736	749	Human Diseases; Infectious Diseases; Vibrio cholerae pathogenic cycle
Viral myocarditis	0	0	0	0	0	0	0	0	0	0	0	0	0	0	0	0	0	0	0	0	0	0	0	0	0	0	0	0	0	0	0	0	0	0	0	0	0	0	0	0	0	0	0	0	0	0	0	0	2	0	Human Diseases; Cardiovascular Diseases; Viral myocarditis
Vitamin B6 metabolism	4523	1485	2984	2419	4033	7996	3801	5754	5399	1442	2829	1774	6637	14593	3042	730	2560	3200	325	4641	529	1192	3112	4173	2210	9394	793	698	3180	5008	3068	3388	9178	1578	1159	13649	5431	10624	9291	9510	5672	2695	2360	3854	341	10724	2170	2345	5598	3266	Metabolism; Metabolism of Cofactors and Vitamins; Vitamin B6 metabolism
Wnt signaling pathway	0	0	0	0	0	0	0	0	0	0	0	0	0	0	0	0	0	0	0	0	0	0	0	0	0	0	0	0	0	0	0	0	0	0	0	0	0	0	0	0	0	0	0	0	0	0	0	0	0	0	Environmental Information Processing; Signal Transduction; Wnt signaling pathway
Xylene degradation	1395	493	1440	608	1851	1628	395	1670	273	154	759	840	2908	7025	1520	386	1040	1245	126	1856	155	414	637	1716	902	3840	322	364	756	1326	1214	1363	4334	628	421	4551	2131	4224	3736	1440	2129	1046	789	970	78	3600	155	707	2348	1303	Metabolism; Xenobiotics Biodegradation and Metabolism; Xylene degradation
Zeatin biosynthesis	1063	335	584	521	722	1981	1111	1341	1618	406	735	429	1475	3664	802	226	549	656	77	929	146	373	417	864	469	1953	172	217	789	1504	679	732	2267	315	249	4531	1119	2140	1867	2247	1474	564	577	512	81	3556	602	477	1204	662	Metabolism; Metabolism of Terpenoids and Polyketides; Zeatin biosynthesis
alpha-Linolenic acid metabolism	3	12	14	1	13	142	228	149	458	80	12	17	25	0	3	0	0	0	0	0	3	0	780	23	0	6	12	74	3	22	0	0	17	5	6	4	25	56	54	40	49	17	81	1172	2	6	60	135	1	29	Metabolism; Lipid Metabolism; alpha-Linolenic acid metabolism
beta-Alanine metabolism	2724	707	1659	1651	2406	6136	2780	4183	4157	1069	2198	662	4628	15204	2284	491	805	1231	202	949	630	1117	4654	1150	543	7121	444	1036	2909	4305	2133	1359	10652	1288	520	11367	4701	2582	3025	8026	5344	1080	2134	7008	272	8932	2141	1504	2866	1039	Metabolism; Metabolism of Other Amino Acids; beta-Alanine metabolism
beta-Lactam resistance	498	68	685	169	1131	1241	255	799	341	142	348	113	885	4191	694	140	60	299	34	58	67	28	126	15	46	2003	29	36	322	793	503	190	3105	319	82	2262	1103	112	429	759	1289	413	308	12	96	1792	299	109	453	30	Metabolism; Biosynthesis of Other Secondary Metabolites; beta-Lactam resistance
mRNA surveillance pathway	0	0	0	0	0	0	0	0	0	0	0	0	0	0	0	0	0	0	0	0	0	0	0	0	0	0	0	0	0	0	0	0	0	0	0	0	0	0	0	0	0	0	0	0	0	0	0	0	0	0	Genetic Information Processing; Translation; mRNA surveillance pathway
mTOR signaling pathway	0	0	0	0	0	0	0	0	0	0	0	0	0	0	0	0	0	0	0	0	0	0	0	0	0	0	0	0	0	0	0	0	0	0	0	0	0	0	0	0	0	0	0	0	0	0	0	0	0	0	Environmental Information Processing; Signal Transduction; mTOR signaling pathway
p53 signaling pathway	0	0	0	0	0	0	0	0	0	0	0	0	0	0	0	0	0	0	0	0	0	0	0	0	0	0	0	0	0	0	0	0	0	0	0	0	0	0	0	0	0	0	0	0	0	0	0	0	2	0	Cellular Processes; Cell Growth and Death; p53 signaling pathway
