	sequences per sample	iteration	C3.110101	8.031003	2.071703	C11.092001	2.40301	7.051803	7.042002	7.070101	4.020701	7.030803	4.010402	4.011602	4.120403	C14.112902	4.112003	10.120602	2.062501	C11.120501	10.061303	8.111401	3.80403	3.052601	2.021503	8.050603	8.011403	7.112902.06.MC044	3.111301.MC026	7.010201.MC242	3.011101.MC225	C11.112101.MC085	C3.092002.MC079	C3.112902.MC078	C14.110102.MC102	2.051801.MC214	7.021304.MC295	10.100501.MC108	10.110901.MC063	2.081802.MC222	2.110501.MC018	7.100101.MC257	4.052802.MC029	7.081001.MC002	4.041101.MC293	7.111402.MC259	2.022002.06.MC210	3.70501.MC223	8.030605.MC276	8.040303.MC045	4.062101.MC043	8.121401.MC285
alpha_rarefaction_10_0.txt	10	0	8.0	4.0	6.0	5.0	7.0	5.0	6.0	7.0	6.0	2.0	8.0	5.0	6.0	9.0	2.0	6.0	6.0	7.0	5.0	2.0	5.0	5.0	8.0	3.0	4.0	8.0	4.0	2.0	7.0	7.0	7.0	5.0	8.0	4.0	6.0	2.0	6.0	6.0	3.0	7.0	9.0	8.0	4.0	4.0	4.0	2.0	6.0	4.0	4.0	5.0
alpha_rarefaction_10_1.txt	10	1	7.0	4.0	6.0	5.0	2.0	4.0	7.0	7.0	6.0	6.0	8.0	3.0	8.0	8.0	5.0	6.0	5.0	5.0	6.0	4.0	2.0	4.0	4.0	4.0	4.0	7.0	2.0	2.0	6.0	8.0	8.0	6.0	7.0	4.0	5.0	2.0	5.0	4.0	3.0	9.0	8.0	6.0	9.0	3.0	3.0	2.0	7.0	7.0	7.0	5.0
alpha_rarefaction_10_2.txt	10	2	7.0	6.0	7.0	5.0	4.0	5.0	7.0	7.0	6.0	2.0	8.0	6.0	5.0	6.0	3.0	5.0	6.0	6.0	7.0	4.0	4.0	5.0	6.0	4.0	4.0	6.0	1.0	1.0	7.0	8.0	7.0	4.0	7.0	6.0	5.0	3.0	5.0	3.0	3.0	6.0	10.0	6.0	6.0	4.0	2.0	4.0	7.0	7.0	6.0	5.0
alpha_rarefaction_10_3.txt	10	3	8.0	6.0	7.0	8.0	3.0	6.0	6.0	6.0	6.0	3.0	8.0	8.0	8.0	9.0	2.0	7.0	6.0	6.0	5.0	3.0	4.0	5.0	6.0	3.0	4.0	6.0	3.0	2.0	7.0	9.0	6.0	8.0	5.0	5.0	6.0	3.0	4.0	6.0	6.0	5.0	8.0	5.0	6.0	2.0	2.0	3.0	6.0	6.0	3.0	4.0
alpha_rarefaction_10_4.txt	10	4	3.0	7.0	7.0	6.0	4.0	5.0	7.0	7.0	7.0	3.0	7.0	8.0	7.0	8.0	3.0	5.0	3.0	7.0	7.0	2.0	2.0	5.0	8.0	4.0	5.0	7.0	3.0	3.0	7.0	8.0	9.0	7.0	6.0	5.0	4.0	2.0	7.0	4.0	4.0	5.0	10.0	4.0	8.0	5.0	3.0	2.0	6.0	5.0	6.0	3.0
alpha_rarefaction_10_5.txt	10	5	7.0	4.0	8.0	6.0	2.0	6.0	9.0	6.0	5.0	4.0	8.0	6.0	6.0	8.0	3.0	7.0	5.0	6.0	8.0	3.0	4.0	5.0	6.0	3.0	6.0	7.0	3.0	2.0	6.0	8.0	6.0	5.0	9.0	6.0	5.0	3.0	3.0	6.0	2.0	10.0	8.0	5.0	5.0	2.0	4.0	2.0	7.0	7.0	7.0	5.0
alpha_rarefaction_10_6.txt	10	6	6.0	5.0	5.0	8.0	3.0	7.0	7.0	8.0	7.0	2.0	7.0	8.0	6.0	7.0	3.0	8.0	3.0	3.0	4.0	3.0	3.0	6.0	4.0	5.0	4.0	6.0	4.0	4.0	6.0	9.0	8.0	6.0	7.0	6.0	4.0	3.0	5.0	3.0	3.0	6.0	9.0	7.0	8.0	3.0	2.0	3.0	6.0	8.0	5.0	5.0
alpha_rarefaction_10_7.txt	10	7	7.0	7.0	7.0	5.0	3.0	4.0	6.0	6.0	6.0	4.0	7.0	6.0	5.0	8.0	3.0	5.0	4.0	4.0	4.0	2.0	5.0	4.0	6.0	5.0	5.0	7.0	4.0	2.0	5.0	8.0	6.0	5.0	9.0	4.0	5.0	3.0	5.0	4.0	3.0	7.0	8.0	7.0	9.0	3.0	2.0	2.0	6.0	7.0	6.0	4.0
alpha_rarefaction_10_8.txt	10	8	6.0	6.0	6.0	8.0	4.0	5.0	7.0	6.0	6.0	4.0	4.0	5.0	6.0	7.0	5.0	4.0	3.0	6.0	5.0	3.0	2.0	3.0	7.0	4.0	3.0	7.0	3.0	2.0	8.0	7.0	7.0	2.0	8.0	4.0	3.0	4.0	6.0	4.0	2.0	8.0	9.0	8.0	5.0	4.0	3.0	2.0	7.0	7.0	6.0	5.0
alpha_rarefaction_10_9.txt	10	9	7.0	5.0	8.0	8.0	2.0	7.0	6.0	6.0	5.0	4.0	5.0	7.0	6.0	7.0	3.0	5.0	3.0	6.0	6.0	3.0	2.0	4.0	7.0	7.0	5.0	5.0	3.0	1.0	6.0	7.0	6.0	5.0	7.0	3.0	5.0	2.0	5.0	3.0	2.0	6.0	10.0	8.0	7.0	4.0	3.0	3.0	5.0	6.0	8.0	5.0
alpha_rarefaction_590_0.txt	590	0	56.0	33.0	44.0	48.0	29.0	22.0	29.0	33.0	37.0	22.0	57.0	34.0	47.0	52.0	23.0	37.0	29.0	41.0	19.0	14.0	18.0	20.0	33.0	28.0	26.0	37.0	30.0	17.0	53.0	79.0	56.0	41.0	53.0	22.0	33.0	14.0	28.0	26.0	33.0	64.0	84.0	36.0	59.0	20.0	23.0	11.0	27.0	35.0	50.0	20.0
alpha_rarefaction_590_1.txt	590	1	57.0	35.0	40.0	51.0	32.0	21.0	28.0	37.0	32.0	18.0	50.0	43.0	34.0	48.0	27.0	37.0	32.0	32.0	21.0	16.0	16.0	14.0	30.0	23.0	25.0	40.0	31.0	18.0	58.0	83.0	59.0	39.0	47.0	27.0	35.0	14.0	28.0	29.0	32.0	57.0	72.0	31.0	62.0	21.0	22.0	14.0	24.0	36.0	51.0	23.0
alpha_rarefaction_590_2.txt	590	2	54.0	37.0	39.0	50.0	39.0	22.0	28.0	33.0	41.0	23.0	49.0	39.0	43.0	53.0	21.0	42.0	30.0	34.0	21.0	14.0	21.0	16.0	30.0	28.0	24.0	42.0	32.0	20.0	52.0	81.0	61.0	39.0	47.0	22.0	34.0	14.0	21.0	28.0	30.0	64.0	87.0	31.0	60.0	23.0	25.0	10.0	30.0	31.0	53.0	20.0
alpha_rarefaction_590_3.txt	590	3	53.0	39.0	44.0	48.0	31.0	22.0	26.0	34.0	37.0	19.0	48.0	41.0	43.0	42.0	24.0	32.0	32.0	35.0	18.0	10.0	16.0	17.0	33.0	23.0	21.0	42.0	30.0	18.0	52.0	86.0	54.0	44.0	54.0	25.0	40.0	13.0	31.0	26.0	39.0	56.0	82.0	33.0	59.0	21.0	28.0	11.0	25.0	36.0	52.0	21.0
alpha_rarefaction_590_4.txt	590	4	54.0	37.0	40.0	50.0	39.0	19.0	26.0	34.0	36.0	23.0	44.0	34.0	39.0	59.0	22.0	38.0	33.0	33.0	19.0	16.0	16.0	19.0	30.0	26.0	24.0	49.0	28.0	20.0	55.0	84.0	57.0	41.0	55.0	25.0	32.0	11.0	29.0	25.0	31.0	55.0	86.0	33.0	55.0	25.0	25.0	11.0	28.0	32.0	54.0	20.0
alpha_rarefaction_590_5.txt	590	5	52.0	37.0	47.0	51.0	38.0	21.0	28.0	30.0	41.0	17.0	53.0	39.0	34.0	51.0	27.0	37.0	26.0	31.0	19.0	14.0	15.0	14.0	37.0	25.0	28.0	43.0	28.0	15.0	50.0	82.0	62.0	38.0	56.0	23.0	37.0	12.0	29.0	24.0	34.0	54.0	80.0	33.0	59.0	23.0	18.0	9.0	28.0	34.0	53.0	20.0
alpha_rarefaction_590_6.txt	590	6	48.0	37.0	39.0	46.0	30.0	19.0	23.0	33.0	33.0	19.0	46.0	35.0	36.0	47.0	23.0	43.0	35.0	40.0	18.0	13.0	19.0	17.0	32.0	24.0	25.0	38.0	24.0	16.0	52.0	93.0	58.0	39.0	52.0	23.0	34.0	18.0	24.0	24.0	30.0	52.0	76.0	38.0	57.0	26.0	21.0	10.0	27.0	34.0	53.0	17.0
alpha_rarefaction_590_7.txt	590	7	55.0	35.0	41.0	42.0	39.0	22.0	29.0	32.0	37.0	19.0	58.0	42.0	34.0	50.0	26.0	38.0	32.0	36.0	21.0	16.0	22.0	17.0	28.0	27.0	28.0	42.0	32.0	14.0	55.0	90.0	58.0	42.0	56.0	24.0	36.0	13.0	32.0	26.0	30.0	54.0	76.0	39.0	58.0	18.0	31.0	11.0	28.0	36.0	53.0	20.0
alpha_rarefaction_590_8.txt	590	8	58.0	41.0	43.0	45.0	31.0	20.0	27.0	35.0	35.0	23.0	50.0	46.0	37.0	51.0	26.0	44.0	29.0	30.0	17.0	14.0	19.0	18.0	31.0	27.0	24.0	48.0	31.0	18.0	58.0	84.0	57.0	41.0	51.0	22.0	38.0	13.0	24.0	26.0	24.0	48.0	85.0	32.0	61.0	18.0	20.0	13.0	27.0	39.0	50.0	21.0
alpha_rarefaction_590_9.txt	590	9	48.0	36.0	42.0	41.0	34.0	20.0	27.0	34.0	34.0	18.0	56.0	39.0	33.0	49.0	30.0	38.0	27.0	39.0	23.0	13.0	16.0	19.0	31.0	23.0	24.0	44.0	29.0	17.0	45.0	87.0	49.0	40.0	46.0	24.0	33.0	12.0	24.0	27.0	30.0	56.0	85.0	31.0	57.0	25.0	22.0	11.0	29.0	38.0	50.0	18.0
alpha_rarefaction_1170_0.txt	1170	0	65.0	48.0	52.0	71.0	42.0	27.0	29.0	44.0	40.0	24.0	62.0	52.0	58.0	61.0	35.0	47.0	43.0	41.0	25.0	18.0	20.0	24.0	40.0	32.0	30.0	59.0	40.0	21.0	67.0	110.0	63.0	53.0	70.0	33.0	52.0	18.0	36.0	31.0	38.0	70.0	105.0	41.0	71.0	32.0	29.0	14.0	31.0	39.0	76.0	26.0
alpha_rarefaction_1170_1.txt	1170	1	70.0	43.0	54.0	66.0	44.0	28.0	35.0	46.0	49.0	24.0	62.0	52.0	61.0	59.0	37.0	48.0	38.0	46.0	22.0	19.0	22.0	22.0	37.0	34.0	33.0	51.0	36.0	19.0	64.0	115.0	67.0	54.0	66.0	31.0	45.0	20.0	38.0	33.0	43.0	76.0	103.0	43.0	62.0	32.0	35.0	11.0	37.0	37.0	74.0	27.0
alpha_rarefaction_1170_2.txt	1170	2	76.0	45.0	52.0	64.0	51.0	23.0	31.0	40.0	48.0	26.0	66.0	55.0	53.0	53.0	39.0	46.0	37.0	46.0	24.0	14.0	23.0	22.0	40.0	32.0	26.0	53.0	36.0	23.0	64.0	109.0	73.0	49.0	69.0	35.0	45.0	20.0	38.0	34.0	44.0	68.0	100.0	47.0	72.0	32.0	38.0	16.0	30.0	42.0	68.0	23.0
alpha_rarefaction_1170_3.txt	1170	3	68.0	44.0	50.0	66.0	52.0	28.0	33.0	43.0	44.0	21.0	66.0	51.0	54.0	62.0	27.0	50.0	36.0	41.0	23.0	17.0	19.0	25.0	37.0	35.0	34.0	50.0	37.0	24.0	70.0	113.0	72.0	50.0	69.0	31.0	44.0	21.0	33.0	35.0	41.0	65.0	103.0	43.0	74.0	35.0	34.0	15.0	34.0	39.0	71.0	26.0
alpha_rarefaction_1170_4.txt	1170	4	66.0	44.0	49.0	63.0	50.0	26.0	29.0	46.0	49.0	22.0	58.0	50.0	60.0	66.0	37.0	49.0	41.0	40.0	22.0	16.0	22.0	22.0	35.0	34.0	28.0	57.0	42.0	17.0	66.0	115.0	66.0	46.0	66.0	30.0	47.0	18.0	36.0	34.0	43.0	71.0	104.0	41.0	70.0	34.0	33.0	13.0	32.0	40.0	66.0	26.0
alpha_rarefaction_1170_5.txt	1170	5	69.0	40.0	47.0	60.0	41.0	29.0	39.0	43.0	48.0	27.0	59.0	49.0	57.0	60.0	33.0	46.0	41.0	38.0	24.0	17.0	22.0	24.0	36.0	33.0	28.0	60.0	35.0	24.0	72.0	109.0	74.0	48.0	69.0	32.0	47.0	18.0	35.0	36.0	44.0	66.0	100.0	44.0	68.0	28.0	34.0	11.0	33.0	35.0	68.0	28.0
alpha_rarefaction_1170_6.txt	1170	6	74.0	41.0	55.0	64.0	37.0	27.0	33.0	41.0	47.0	27.0	64.0	52.0	51.0	61.0	32.0	48.0	35.0	40.0	25.0	18.0	22.0	23.0	38.0	35.0	31.0	60.0	41.0	28.0	65.0	113.0	66.0	53.0	67.0	30.0	49.0	20.0	37.0	35.0	41.0	69.0	104.0	41.0	69.0	30.0	36.0	11.0	33.0	39.0	77.0	21.0
alpha_rarefaction_1170_7.txt	1170	7	68.0	44.0	47.0	63.0	48.0	27.0	32.0	41.0	56.0	27.0	60.0	52.0	57.0	64.0	34.0	50.0	35.0	45.0	26.0	21.0	22.0	22.0	38.0	37.0	27.0	60.0	42.0	29.0	62.0	110.0	72.0	46.0	72.0	31.0	42.0	18.0	31.0	31.0	38.0	74.0	106.0	44.0	71.0	28.0	34.0	15.0	32.0	38.0	74.0	24.0
alpha_rarefaction_1170_8.txt	1170	8	74.0	47.0	51.0	59.0	45.0	29.0	32.0	41.0	47.0	23.0	63.0	49.0	60.0	64.0	33.0	53.0	38.0	40.0	26.0	16.0	21.0	24.0	38.0	32.0	27.0	59.0	43.0	22.0	67.0	120.0	68.0	52.0	69.0	33.0	49.0	21.0	36.0	30.0	41.0	68.0	104.0	38.0	73.0	29.0	36.0	12.0	29.0	38.0	66.0	22.0
alpha_rarefaction_1170_9.txt	1170	9	73.0	44.0	53.0	61.0	43.0	24.0	38.0	48.0	43.0	24.0	60.0	51.0	58.0	64.0	32.0	47.0	39.0	44.0	23.0	15.0	22.0	22.0	40.0	41.0	27.0	59.0	37.0	23.0	67.0	108.0	65.0	51.0	62.0	31.0	47.0	18.0	37.0	38.0	46.0	70.0	97.0	46.0	75.0	30.0	30.0	13.0	38.0	42.0	66.0	25.0
alpha_rarefaction_1750_0.txt	1750	0	73.0	49.0	61.0	79.0	50.0	29.0	40.0	42.0	53.0	28.0	68.0	57.0	68.0	76.0	44.0	52.0	43.0	51.0	25.0	17.0	26.0	26.0	40.0	39.0	35.0	66.0	43.0	29.0	75.0	135.0	81.0	58.0	76.0	39.0	60.0	24.0	41.0	39.0	54.0	83.0	111.0	45.0	77.0	30.0	43.0	16.0	38.0	43.0	84.0	28.0
alpha_rarefaction_1750_1.txt	1750	1	85.0	49.0	55.0	73.0	50.0	31.0	40.0	49.0	58.0	25.0	65.0	55.0	63.0	74.0	44.0	59.0	40.0	49.0	27.0	22.0	27.0	26.0	44.0	42.0	33.0	67.0	40.0	30.0	78.0	136.0	84.0	53.0	76.0	39.0	56.0	24.0	36.0	47.0	50.0	79.0	111.0	47.0	78.0	29.0	42.0	17.0	33.0	43.0	85.0	30.0
alpha_rarefaction_1750_2.txt	1750	2	80.0	54.0	62.0	75.0	58.0	27.0	40.0	50.0	58.0	28.0	76.0	61.0	76.0	75.0	43.0	53.0	46.0	48.0	27.0	23.0	28.0	27.0	43.0	42.0	40.0	70.0	42.0	29.0	76.0	129.0	81.0	56.0	82.0	39.0	56.0	25.0	34.0	36.0	48.0	80.0	105.0	50.0	75.0	35.0	39.0	14.0	40.0	41.0	79.0	30.0
alpha_rarefaction_1750_3.txt	1750	3	80.0	49.0	60.0	73.0	53.0	33.0	41.0	54.0	56.0	30.0	74.0	58.0	64.0	73.0	42.0	53.0	47.0	46.0	27.0	20.0	29.0	26.0	43.0	38.0	33.0	64.0	46.0	26.0	73.0	129.0	83.0	55.0	81.0	37.0	58.0	20.0	41.0	41.0	50.0	80.0	112.0	47.0	84.0	33.0	45.0	16.0	38.0	41.0	76.0	29.0
alpha_rarefaction_1750_4.txt	1750	4	82.0	49.0	58.0	79.0	52.0	32.0	34.0	50.0	52.0	26.0	71.0	61.0	67.0	77.0	47.0	55.0	44.0	48.0	29.0	23.0	23.0	21.0	42.0	39.0	36.0	65.0	45.0	30.0	73.0	136.0	80.0	55.0	83.0	35.0	54.0	24.0	40.0	39.0	56.0	79.0	113.0	48.0	77.0	37.0	38.0	14.0	37.0	44.0	83.0	29.0
alpha_rarefaction_1750_5.txt	1750	5	80.0	49.0	63.0	74.0	48.0	30.0	39.0	53.0	52.0	29.0	69.0	57.0	67.0	68.0	42.0	54.0	41.0	47.0	27.0	20.0	24.0	22.0	43.0	42.0	32.0	72.0	43.0	27.0	74.0	134.0	78.0	60.0	81.0	40.0	53.0	26.0	39.0	39.0	53.0	78.0	117.0	49.0	77.0	36.0	40.0	15.0	33.0	40.0	83.0	27.0
alpha_rarefaction_1750_6.txt	1750	6	86.0	50.0	58.0	79.0	46.0	30.0	44.0	45.0	60.0	28.0	72.0	60.0	67.0	71.0	42.0	56.0	45.0	51.0	24.0	24.0	24.0	24.0	45.0	38.0	31.0	62.0	45.0	30.0	71.0	128.0	82.0	59.0	80.0	38.0	58.0	25.0	44.0	38.0	56.0	76.0	110.0	45.0	76.0	31.0	42.0	16.0	36.0	44.0	77.0	27.0
alpha_rarefaction_1750_7.txt	1750	7	83.0	53.0	60.0	74.0	49.0	27.0	40.0	47.0	55.0	25.0	72.0	59.0	63.0	78.0	41.0	59.0	44.0	43.0	26.0	21.0	28.0	23.0	42.0	44.0	31.0	67.0	45.0	25.0	76.0	130.0	86.0	57.0	83.0	41.0	55.0	21.0	42.0	38.0	50.0	72.0	114.0	46.0	81.0	35.0	43.0	14.0	33.0	44.0	82.0	25.0
alpha_rarefaction_1750_8.txt	1750	8	83.0	50.0	57.0	75.0	51.0	32.0	38.0	50.0	56.0	26.0	65.0	59.0	77.0	78.0	47.0	56.0	45.0	45.0	26.0	21.0	24.0	25.0	40.0	41.0	30.0	70.0	46.0	27.0	73.0	129.0	79.0	53.0	82.0	38.0	53.0	25.0	40.0	39.0	53.0	84.0	110.0	43.0	76.0	36.0	40.0	15.0	36.0	40.0	80.0	28.0
alpha_rarefaction_1750_9.txt	1750	9	78.0	50.0	59.0	76.0	52.0	29.0	39.0	50.0	56.0	28.0	72.0	62.0	62.0	75.0	39.0	54.0	46.0	46.0	28.0	24.0	29.0	24.0	44.0	39.0	34.0	66.0	44.0	31.0	77.0	123.0	73.0	53.0	80.0	38.0	57.0	26.0	41.0	43.0	46.0	84.0	116.0	45.0	84.0	37.0	49.0	18.0	39.0	44.0	75.0	29.0
alpha_rarefaction_2330_0.txt	2330	0	92.0	56.0	66.0	77.0	60.0	34.0	42.0	52.0	63.0	28.0	78.0	61.0	68.0	73.0	50.0	58.0	46.0	53.0	28.0	23.0	27.0	25.0	47.0	41.0	39.0	77.0	43.0	35.0	75.0	152.0	86.0	63.0	94.0	36.0	61.0	24.0	47.0	42.0	54.0	83.0	120.0	50.0	86.0	36.0	47.0	19.0	38.0	43.0	88.0	35.0
alpha_rarefaction_2330_1.txt	2330	1	89.0	54.0	62.0	86.0	59.0	33.0	43.0	56.0	63.0	28.0	81.0	60.0	74.0	74.0	46.0	61.0	43.0	53.0	26.0	19.0	29.0	26.0	45.0	46.0	39.0	80.0	50.0	29.0	83.0	140.0	85.0	67.0	86.0	40.0	57.0	29.0	46.0	40.0	53.0	88.0	121.0	47.0	88.0	36.0	48.0	18.0	40.0	43.0	91.0	35.0
alpha_rarefaction_2330_2.txt	2330	2	92.0	54.0	62.0	88.0	59.0	36.0	50.0	55.0	64.0	30.0	83.0	61.0	67.0	85.0	45.0	62.0	46.0	48.0	30.0	21.0	26.0	28.0	45.0	42.0	38.0	71.0	51.0	35.0	85.0	143.0	87.0	57.0	90.0	40.0	65.0	31.0	41.0	38.0	65.0	84.0	118.0	50.0	84.0	38.0	47.0	18.0	41.0	41.0	89.0	29.0
alpha_rarefaction_2330_3.txt	2330	3	89.0	53.0	65.0	82.0	57.0	35.0	43.0	54.0	69.0	26.0	83.0	61.0	78.0	74.0	50.0	61.0	47.0	51.0	27.0	21.0	26.0	26.0	46.0	44.0	37.0	74.0	49.0	28.0	78.0	148.0	90.0	61.0	91.0	44.0	62.0	27.0	49.0	41.0	56.0	85.0	125.0	50.0	82.0	37.0	52.0	18.0	42.0	43.0	90.0	33.0
alpha_rarefaction_2330_4.txt	2330	4	88.0	55.0	61.0	81.0	54.0	32.0	43.0	49.0	66.0	30.0	80.0	64.0	79.0	81.0	44.0	63.0	44.0	54.0	29.0	25.0	28.0	27.0	42.0	45.0	36.0	70.0	50.0	34.0	85.0	148.0	89.0	63.0	84.0	42.0	57.0	27.0	40.0	46.0	55.0	82.0	118.0	53.0	82.0	36.0	51.0	17.0	40.0	42.0	89.0	31.0
alpha_rarefaction_2330_5.txt	2330	5	91.0	49.0	62.0	82.0	60.0	33.0	40.0	56.0	66.0	32.0	81.0	65.0	71.0	80.0	49.0	59.0	48.0	50.0	27.0	28.0	25.0	28.0	46.0	45.0	34.0	70.0	50.0	26.0	83.0	146.0	91.0	59.0	89.0	42.0	58.0	29.0	44.0	43.0	57.0	82.0	119.0	53.0	90.0	37.0	52.0	16.0	41.0	45.0	83.0	30.0
alpha_rarefaction_2330_6.txt	2330	6	87.0	57.0	65.0	87.0	59.0	35.0	46.0	52.0	54.0	29.0	76.0	66.0	76.0	78.0	49.0	55.0	49.0	50.0	31.0	21.0	32.0	25.0	45.0	45.0	34.0	75.0	44.0	29.0	80.0	145.0	86.0	59.0	81.0	42.0	62.0	24.0	47.0	36.0	54.0	82.0	124.0	51.0	86.0	39.0	45.0	18.0	44.0	41.0	94.0	34.0
alpha_rarefaction_2330_7.txt	2330	7	88.0	58.0	65.0	83.0	61.0	35.0	46.0	49.0	61.0	27.0	77.0	65.0	69.0	77.0	46.0	61.0	47.0	51.0	28.0	21.0	28.0	28.0	45.0	46.0	36.0	66.0	45.0	36.0	82.0	144.0	85.0	61.0	92.0	43.0	59.0	22.0	46.0	43.0	51.0	89.0	117.0	51.0	85.0	33.0	48.0	14.0	41.0	45.0	87.0	34.0
alpha_rarefaction_2330_8.txt	2330	8	90.0	55.0	66.0	76.0	58.0	35.0	45.0	55.0	58.0	32.0	80.0	60.0	70.0	81.0	44.0	56.0	46.0	51.0	28.0	28.0	28.0	28.0	48.0	45.0	32.0	74.0	45.0	32.0	82.0	138.0	90.0	60.0	92.0	38.0	57.0	27.0	42.0	40.0	56.0	87.0	123.0	49.0	87.0	38.0	41.0	18.0	39.0	43.0	83.0	30.0
alpha_rarefaction_2330_9.txt	2330	9	88.0	55.0	64.0	85.0	53.0	32.0	44.0	54.0	65.0	28.0	75.0	60.0	70.0	81.0	45.0	64.0	48.0	48.0	29.0	29.0	31.0	26.0	46.0	46.0	32.0	76.0	48.0	31.0	82.0	146.0	92.0	62.0	87.0	43.0	57.0	28.0	41.0	42.0	64.0	92.0	126.0	50.0	89.0	34.0	48.0	16.0	37.0	43.0	86.0	33.0
alpha_rarefaction_2910_0.txt	2910	0	91.0	55.0	n/a	87.0	62.0	39.0	43.0	56.0	67.0	31.0	81.0	69.0	84.0	84.0	50.0	65.0	48.0	54.0	30.0	26.0	35.0	29.0	49.0	50.0	38.0	80.0	45.0	35.0	85.0	151.0	86.0	65.0	103.0	45.0	66.0	28.0	49.0	47.0	63.0	92.0	128.0	54.0	91.0	43.0	45.0	19.0	42.0	47.0	98.0	33.0
alpha_rarefaction_2910_1.txt	2910	1	96.0	57.0	n/a	87.0	61.0	35.0	47.0	57.0	69.0	30.0	84.0	70.0	79.0	80.0	50.0	62.0	48.0	55.0	29.0	30.0	35.0	28.0	49.0	50.0	37.0	79.0	51.0	31.0	83.0	151.0	92.0	66.0	96.0	43.0	64.0	32.0	51.0	46.0	60.0	86.0	133.0	52.0	86.0	37.0	54.0	18.0	42.0	46.0	90.0	34.0
alpha_rarefaction_2910_2.txt	2910	2	95.0	56.0	n/a	85.0	57.0	40.0	46.0	58.0	69.0	33.0	82.0	66.0	81.0	84.0	55.0	67.0	49.0	53.0	31.0	26.0	31.0	28.0	44.0	44.0	40.0	79.0	49.0	33.0	84.0	163.0	95.0	66.0	91.0	39.0	61.0	27.0	49.0	46.0	57.0	90.0	128.0	54.0	88.0	42.0	54.0	17.0	41.0	44.0	95.0	36.0
alpha_rarefaction_2910_3.txt	2910	3	93.0	58.0	n/a	89.0	65.0	36.0	48.0	57.0	68.0	32.0	83.0	67.0	79.0	80.0	46.0	66.0	49.0	54.0	30.0	25.0	36.0	27.0	48.0	50.0	36.0	82.0	51.0	31.0	86.0	150.0	94.0	65.0	95.0	43.0	65.0	28.0	53.0	42.0	58.0	87.0	126.0	57.0	92.0	39.0	47.0	17.0	40.0	47.0	89.0	32.0
alpha_rarefaction_2910_4.txt	2910	4	89.0	58.0	n/a	83.0	67.0	40.0	49.0	59.0	69.0	27.0	84.0	69.0	79.0	92.0	51.0	58.0	50.0	55.0	30.0	28.0	33.0	26.0	50.0	48.0	39.0	83.0	48.0	34.0	86.0	157.0	91.0	64.0	97.0	44.0	68.0	31.0	49.0	49.0	58.0	91.0	129.0	50.0	94.0	41.0	48.0	19.0	43.0	46.0	88.0	36.0
alpha_rarefaction_2910_5.txt	2910	5	86.0	58.0	n/a	89.0	61.0	36.0	47.0	58.0	64.0	31.0	83.0	68.0	78.0	88.0	54.0	64.0	49.0	55.0	30.0	29.0	31.0	27.0	49.0	51.0	37.0	73.0	49.0	35.0	83.0	155.0	96.0	65.0	92.0	45.0	67.0	32.0	55.0	45.0	60.0	95.0	127.0	55.0	92.0	38.0	51.0	18.0	40.0	49.0	99.0	35.0
alpha_rarefaction_2910_6.txt	2910	6	92.0	53.0	n/a	88.0	63.0	34.0	47.0	57.0	73.0	32.0	87.0	65.0	85.0	84.0	56.0	60.0	49.0	54.0	30.0	27.0	31.0	29.0	48.0	46.0	38.0	78.0	53.0	33.0	84.0	159.0	92.0	61.0	91.0	44.0	70.0	30.0	51.0	45.0	56.0	92.0	127.0	53.0	90.0	42.0	49.0	17.0	44.0	47.0	99.0	32.0
alpha_rarefaction_2910_7.txt	2910	7	100.0	57.0	n/a	86.0	65.0	35.0	46.0	57.0	69.0	32.0	83.0	64.0	75.0	76.0	47.0	63.0	50.0	54.0	32.0	29.0	31.0	28.0	50.0	48.0	39.0	79.0	51.0	34.0	83.0	155.0	93.0	62.0	105.0	45.0	61.0	27.0	53.0	43.0	59.0	85.0	124.0	52.0	93.0	38.0	54.0	18.0	40.0	47.0	95.0	36.0
alpha_rarefaction_2910_8.txt	2910	8	92.0	57.0	n/a	87.0	62.0	36.0	40.0	59.0	68.0	33.0	83.0	69.0	84.0	88.0	51.0	68.0	49.0	55.0	31.0	23.0	32.0	30.0	49.0	47.0	40.0	82.0	50.0	38.0	83.0	151.0	92.0	63.0	95.0	45.0	66.0	28.0	44.0	45.0	65.0	93.0	125.0	55.0	88.0	37.0	52.0	20.0	46.0	44.0	99.0	34.0
alpha_rarefaction_2910_9.txt	2910	9	93.0	58.0	n/a	87.0	64.0	38.0	50.0	58.0	66.0	29.0	84.0	69.0	78.0	80.0	47.0	63.0	47.0	55.0	31.0	24.0	33.0	28.0	51.0	48.0	39.0	80.0	53.0	37.0	83.0	156.0	94.0	62.0	87.0	43.0	61.0	25.0	46.0	46.0	57.0	90.0	129.0	54.0	89.0	39.0	52.0	17.0	42.0	47.0	94.0	34.0
alpha_rarefaction_3490_0.txt	3490	0	95.0	56.0	n/a	89.0	68.0	36.0	51.0	62.0	72.0	36.0	86.0	71.0	84.0	96.0	58.0	n/a	51.0	n/a	31.0	25.0	34.0	29.0	49.0	46.0	39.0	80.0	53.0	35.0	n/a	164.0	97.0	66.0	100.0	n/a	67.0	32.0	55.0	46.0	59.0	99.0	131.0	53.0	94.0	45.0	52.0	19.0	40.0	47.0	103.0	35.0
alpha_rarefaction_3490_1.txt	3490	1	101.0	58.0	n/a	92.0	65.0	38.0	52.0	61.0	72.0	32.0	87.0	71.0	87.0	97.0	57.0	n/a	51.0	n/a	29.0	25.0	30.0	28.0	50.0	47.0	42.0	86.0	51.0	38.0	n/a	166.0	93.0	65.0	104.0	n/a	67.0	33.0	51.0	49.0	65.0	95.0	132.0	57.0	96.0	45.0	54.0	16.0	43.0	49.0	105.0	37.0
alpha_rarefaction_3490_2.txt	3490	2	97.0	62.0	n/a	90.0	61.0	36.0	49.0	60.0	74.0	32.0	88.0	71.0	83.0	92.0	54.0	n/a	50.0	n/a	30.0	29.0	31.0	28.0	47.0	47.0	38.0	88.0	53.0	38.0	n/a	163.0	98.0	67.0	99.0	n/a	65.0	30.0	47.0	44.0	64.0	89.0	133.0	55.0	92.0	43.0	58.0	16.0	44.0	49.0	100.0	37.0
alpha_rarefaction_3490_3.txt	3490	3	102.0	58.0	n/a	92.0	66.0	35.0	50.0	58.0	71.0	35.0	91.0	71.0	85.0	89.0	53.0	n/a	51.0	n/a	32.0	26.0	31.0	28.0	51.0	52.0	42.0	87.0	53.0	32.0	n/a	167.0	97.0	65.0	98.0	n/a	69.0	33.0	55.0	46.0	66.0	91.0	134.0	56.0	91.0	41.0	54.0	19.0	44.0	49.0	103.0	34.0
alpha_rarefaction_3490_4.txt	3490	4	97.0	58.0	n/a	93.0	65.0	39.0	45.0	58.0	73.0	33.0	91.0	71.0	84.0	91.0	57.0	n/a	51.0	n/a	33.0	26.0	31.0	30.0	51.0	50.0	41.0	85.0	53.0	36.0	n/a	160.0	97.0	65.0	105.0	n/a	68.0	32.0	53.0	49.0	63.0	94.0	129.0	57.0	96.0	38.0	55.0	20.0	44.0	48.0	95.0	36.0
alpha_rarefaction_3490_5.txt	3490	5	98.0	59.0	n/a	95.0	65.0	35.0	48.0	61.0	71.0	35.0	87.0	69.0	88.0	92.0	54.0	n/a	51.0	n/a	31.0	31.0	30.0	28.0	50.0	50.0	42.0	82.0	53.0	38.0	n/a	164.0	93.0	67.0	104.0	n/a	68.0	34.0	54.0	48.0	67.0	94.0	133.0	55.0	93.0	41.0	52.0	21.0	43.0	49.0	95.0	37.0
alpha_rarefaction_3490_6.txt	3490	6	95.0	55.0	n/a	91.0	71.0	40.0	48.0	61.0	75.0	34.0	86.0	71.0	85.0	92.0	57.0	n/a	51.0	n/a	29.0	31.0	32.0	30.0	50.0	46.0	40.0	81.0	51.0	33.0	n/a	165.0	97.0	68.0	95.0	n/a	68.0	31.0	54.0	47.0	58.0	93.0	131.0	56.0	99.0	42.0	50.0	20.0	45.0	48.0	99.0	36.0
alpha_rarefaction_3490_7.txt	3490	7	95.0	62.0	n/a	95.0	67.0	38.0	49.0	57.0	68.0	33.0	90.0	71.0	81.0	92.0	53.0	n/a	51.0	n/a	29.0	26.0	33.0	29.0	48.0	50.0	38.0	89.0	52.0	37.0	n/a	157.0	94.0	68.0	99.0	n/a	71.0	35.0	51.0	44.0	68.0	93.0	134.0	56.0	98.0	44.0	58.0	18.0	45.0	48.0	100.0	36.0
alpha_rarefaction_3490_8.txt	3490	8	98.0	60.0	n/a	88.0	66.0	39.0	49.0	60.0	68.0	35.0	88.0	69.0	75.0	88.0	59.0	n/a	51.0	n/a	32.0	30.0	37.0	29.0	51.0	50.0	39.0	88.0	55.0	37.0	n/a	163.0	99.0	68.0	104.0	n/a	69.0	27.0	48.0	51.0	68.0	94.0	132.0	55.0	95.0	41.0	59.0	18.0	44.0	48.0	102.0	39.0
alpha_rarefaction_3490_9.txt	3490	9	91.0	57.0	n/a	93.0	73.0	39.0	49.0	59.0	73.0	34.0	86.0	71.0	87.0	93.0	55.0	n/a	51.0	n/a	33.0	25.0	33.0	28.0	48.0	51.0	39.0	87.0	53.0	34.0	n/a	162.0	96.0	67.0	105.0	n/a	69.0	33.0	49.0	47.0	67.0	98.0	134.0	55.0	99.0	39.0	51.0	19.0	44.0	48.0	102.0	35.0
alpha_rarefaction_4070_0.txt	4070	0	97.0	58.0	n/a	97.0	74.0	37.0	54.0	61.0	75.0	33.0	94.0	n/a	90.0	97.0	58.0	n/a	n/a	n/a	31.0	29.0	36.0	30.0	n/a	50.0	40.0	92.0	54.0	38.0	n/a	171.0	n/a	n/a	108.0	n/a	72.0	32.0	54.0	50.0	63.0	100.0	139.0	57.0	101.0	39.0	56.0	21.0	44.0	n/a	105.0	38.0
alpha_rarefaction_4070_1.txt	4070	1	100.0	62.0	n/a	93.0	71.0	42.0	53.0	62.0	76.0	34.0	91.0	n/a	87.0	96.0	66.0	n/a	n/a	n/a	32.0	31.0	33.0	30.0	n/a	51.0	40.0	89.0	53.0	40.0	n/a	167.0	n/a	n/a	104.0	n/a	70.0	34.0	52.0	44.0	66.0	100.0	131.0	57.0	98.0	43.0	64.0	18.0	44.0	n/a	108.0	38.0
alpha_rarefaction_4070_2.txt	4070	2	103.0	62.0	n/a	93.0	70.0	39.0	51.0	63.0	71.0	36.0	91.0	n/a	90.0	94.0	64.0	n/a	n/a	n/a	32.0	30.0	33.0	29.0	n/a	50.0	40.0	91.0	53.0	39.0	n/a	164.0	n/a	n/a	110.0	n/a	71.0	31.0	57.0	45.0	63.0	101.0	133.0	56.0	96.0	43.0	60.0	19.0	45.0	n/a	104.0	39.0
alpha_rarefaction_4070_3.txt	4070	3	100.0	61.0	n/a	91.0	74.0	41.0	53.0	63.0	73.0	38.0	88.0	n/a	92.0	98.0	59.0	n/a	n/a	n/a	33.0	32.0	37.0	30.0	n/a	52.0	42.0	92.0	54.0	43.0	n/a	170.0	n/a	n/a	107.0	n/a	72.0	33.0	51.0	48.0	64.0	99.0	141.0	55.0	98.0	43.0	54.0	22.0	43.0	n/a	109.0	39.0
alpha_rarefaction_4070_4.txt	4070	4	103.0	60.0	n/a	96.0	66.0	41.0	54.0	62.0	69.0	35.0	92.0	n/a	88.0	96.0	58.0	n/a	n/a	n/a	31.0	30.0	35.0	27.0	n/a	49.0	40.0	89.0	53.0	38.0	n/a	162.0	n/a	n/a	103.0	n/a	71.0	34.0	53.0	49.0	66.0	103.0	136.0	57.0	100.0	44.0	59.0	20.0	44.0	n/a	107.0	39.0
alpha_rarefaction_4070_5.txt	4070	5	104.0	64.0	n/a	94.0	75.0	39.0	57.0	62.0	77.0	34.0	89.0	n/a	91.0	90.0	58.0	n/a	n/a	n/a	31.0	28.0	33.0	28.0	n/a	48.0	43.0	92.0	52.0	45.0	n/a	170.0	n/a	n/a	99.0	n/a	72.0	33.0	51.0	53.0	69.0	100.0	139.0	58.0	97.0	40.0	63.0	19.0	44.0	n/a	105.0	38.0
alpha_rarefaction_4070_6.txt	4070	6	102.0	63.0	n/a	96.0	73.0	37.0	55.0	63.0	72.0	36.0	95.0	n/a	82.0	94.0	58.0	n/a	n/a	n/a	33.0	30.0	38.0	30.0	n/a	49.0	42.0	88.0	53.0	37.0	n/a	172.0	n/a	n/a	104.0	n/a	72.0	37.0	55.0	50.0	62.0	94.0	138.0	56.0	98.0	39.0	56.0	18.0	45.0	n/a	107.0	38.0
alpha_rarefaction_4070_7.txt	4070	7	104.0	62.0	n/a	93.0	71.0	40.0	54.0	63.0	78.0	34.0	92.0	n/a	91.0	95.0	61.0	n/a	n/a	n/a	32.0	29.0	33.0	30.0	n/a	49.0	41.0	88.0	57.0	38.0	n/a	171.0	n/a	n/a	104.0	n/a	71.0	32.0	54.0	50.0	70.0	100.0	133.0	57.0	96.0	39.0	62.0	19.0	44.0	n/a	103.0	39.0
alpha_rarefaction_4070_8.txt	4070	8	100.0	58.0	n/a	96.0	69.0	42.0	52.0	62.0	72.0	32.0	90.0	n/a	90.0	95.0	60.0	n/a	n/a	n/a	32.0	28.0	35.0	30.0	n/a	51.0	41.0	91.0	55.0	38.0	n/a	165.0	n/a	n/a	111.0	n/a	72.0	27.0	50.0	51.0	67.0	98.0	132.0	58.0	102.0	41.0	59.0	18.0	47.0	n/a	108.0	38.0
alpha_rarefaction_4070_9.txt	4070	9	104.0	65.0	n/a	96.0	72.0	36.0	52.0	63.0	73.0	34.0	92.0	n/a	90.0	89.0	56.0	n/a	n/a	n/a	32.0	28.0	37.0	30.0	n/a	53.0	40.0	94.0	55.0	40.0	n/a	165.0	n/a	n/a	105.0	n/a	72.0	33.0	53.0	51.0	60.0	97.0	139.0	57.0	98.0	45.0	58.0	20.0	44.0	n/a	103.0	39.0
alpha_rarefaction_4650_0.txt	4650	0	108.0	63.0	n/a	92.0	72.0	40.0	52.0	n/a	75.0	37.0	95.0	n/a	95.0	98.0	64.0	n/a	n/a	n/a	34.0	32.0	37.0	30.0	n/a	54.0	43.0	93.0	56.0	44.0	n/a	168.0	n/a	n/a	107.0	n/a	n/a	34.0	58.0	51.0	66.0	106.0	141.0	n/a	99.0	43.0	62.0	20.0	47.0	n/a	107.0	n/a
alpha_rarefaction_4650_1.txt	4650	1	104.0	61.0	n/a	96.0	74.0	42.0	56.0	n/a	78.0	34.0	95.0	n/a	90.0	94.0	60.0	n/a	n/a	n/a	34.0	31.0	38.0	30.0	n/a	53.0	42.0	93.0	57.0	41.0	n/a	170.0	n/a	n/a	104.0	n/a	n/a	34.0	54.0	53.0	67.0	103.0	140.0	n/a	101.0	44.0	59.0	19.0	47.0	n/a	108.0	n/a
alpha_rarefaction_4650_2.txt	4650	2	103.0	65.0	n/a	96.0	76.0	41.0	56.0	n/a	78.0	35.0	94.0	n/a	100.0	94.0	66.0	n/a	n/a	n/a	34.0	32.0	38.0	30.0	n/a	54.0	43.0	94.0	57.0	41.0	n/a	172.0	n/a	n/a	101.0	n/a	n/a	35.0	58.0	52.0	71.0	104.0	141.0	n/a	102.0	43.0	61.0	18.0	45.0	n/a	110.0	n/a
alpha_rarefaction_4650_3.txt	4650	3	103.0	61.0	n/a	95.0	74.0	43.0	55.0	n/a	73.0	35.0	94.0	n/a	91.0	103.0	59.0	n/a	n/a	n/a	33.0	32.0	35.0	30.0	n/a	53.0	41.0	96.0	57.0	40.0	n/a	175.0	n/a	n/a	105.0	n/a	n/a	37.0	59.0	49.0	72.0	104.0	141.0	n/a	102.0	43.0	61.0	20.0	44.0	n/a	107.0	n/a
alpha_rarefaction_4650_4.txt	4650	4	99.0	61.0	n/a	96.0	74.0	40.0	58.0	n/a	78.0	36.0	95.0	n/a	91.0	98.0	58.0	n/a	n/a	n/a	31.0	30.0	36.0	30.0	n/a	51.0	39.0	93.0	56.0	38.0	n/a	175.0	n/a	n/a	103.0	n/a	n/a	32.0	56.0	50.0	63.0	102.0	142.0	n/a	102.0	42.0	61.0	19.0	49.0	n/a	107.0	n/a
alpha_rarefaction_4650_5.txt	4650	5	105.0	64.0	n/a	98.0	76.0	42.0	54.0	n/a	76.0	35.0	94.0	n/a	91.0	94.0	57.0	n/a	n/a	n/a	33.0	33.0	39.0	30.0	n/a	53.0	42.0	90.0	57.0	42.0	n/a	172.0	n/a	n/a	111.0	n/a	n/a	35.0	55.0	48.0	74.0	100.0	143.0	n/a	100.0	44.0	58.0	19.0	45.0	n/a	109.0	n/a
alpha_rarefaction_4650_6.txt	4650	6	103.0	64.0	n/a	98.0	74.0	41.0	58.0	n/a	78.0	37.0	95.0	n/a	94.0	97.0	64.0	n/a	n/a	n/a	33.0	32.0	33.0	30.0	n/a	51.0	43.0	95.0	56.0	41.0	n/a	169.0	n/a	n/a	102.0	n/a	n/a	38.0	55.0	53.0	71.0	102.0	143.0	n/a	101.0	45.0	62.0	22.0	44.0	n/a	109.0	n/a
alpha_rarefaction_4650_7.txt	4650	7	104.0	59.0	n/a	97.0	70.0	43.0	53.0	n/a	77.0	36.0	95.0	n/a	96.0	97.0	68.0	n/a	n/a	n/a	32.0	31.0	37.0	30.0	n/a	49.0	43.0	94.0	56.0	37.0	n/a	175.0	n/a	n/a	106.0	n/a	n/a	34.0	54.0	52.0	70.0	98.0	142.0	n/a	102.0	41.0	65.0	20.0	48.0	n/a	111.0	n/a
alpha_rarefaction_4650_8.txt	4650	8	100.0	63.0	n/a	96.0	73.0	40.0	52.0	n/a	75.0	36.0	95.0	n/a	95.0	92.0	61.0	n/a	n/a	n/a	34.0	32.0	36.0	30.0	n/a	55.0	43.0	93.0	56.0	43.0	n/a	165.0	n/a	n/a	99.0	n/a	n/a	34.0	56.0	49.0	70.0	100.0	143.0	n/a	101.0	45.0	62.0	19.0	44.0	n/a	113.0	n/a
alpha_rarefaction_4650_9.txt	4650	9	104.0	62.0	n/a	97.0	72.0	41.0	60.0	n/a	75.0	34.0	95.0	n/a	89.0	92.0	59.0	n/a	n/a	n/a	34.0	30.0	35.0	30.0	n/a	55.0	42.0	91.0	56.0	44.0	n/a	174.0	n/a	n/a	109.0	n/a	n/a	34.0	57.0	52.0	69.0	103.0	140.0	n/a	104.0	44.0	58.0	21.0	49.0	n/a	110.0	n/a
alpha_rarefaction_5230_0.txt	5230	0	104.0	65.0	n/a	99.0	79.0	43.0	58.0	n/a	76.0	35.0	n/a	n/a	97.0	100.0	64.0	n/a	n/a	n/a	34.0	31.0	38.0	n/a	n/a	53.0	n/a	94.0	57.0	45.0	n/a	173.0	n/a	n/a	111.0	n/a	n/a	33.0	59.0	53.0	70.0	104.0	142.0	n/a	105.0	46.0	65.0	20.0	48.0	n/a	111.0	n/a
alpha_rarefaction_5230_1.txt	5230	1	108.0	62.0	n/a	100.0	73.0	41.0	57.0	n/a	81.0	34.0	n/a	n/a	98.0	99.0	66.0	n/a	n/a	n/a	34.0	30.0	38.0	n/a	n/a	53.0	n/a	98.0	57.0	45.0	n/a	177.0	n/a	n/a	107.0	n/a	n/a	40.0	56.0	53.0	72.0	106.0	143.0	n/a	105.0	43.0	65.0	21.0	47.0	n/a	112.0	n/a
alpha_rarefaction_5230_2.txt	5230	2	110.0	61.0	n/a	100.0	76.0	43.0	59.0	n/a	81.0	38.0	n/a	n/a	96.0	102.0	62.0	n/a	n/a	n/a	33.0	32.0	39.0	n/a	n/a	55.0	n/a	98.0	57.0	44.0	n/a	174.0	n/a	n/a	111.0	n/a	n/a	34.0	57.0	50.0	69.0	107.0	144.0	n/a	105.0	46.0	66.0	20.0	46.0	n/a	110.0	n/a
alpha_rarefaction_5230_3.txt	5230	3	109.0	65.0	n/a	98.0	76.0	43.0	58.0	n/a	76.0	37.0	n/a	n/a	93.0	97.0	61.0	n/a	n/a	n/a	33.0	32.0	38.0	n/a	n/a	53.0	n/a	99.0	57.0	42.0	n/a	178.0	n/a	n/a	106.0	n/a	n/a	34.0	56.0	53.0	75.0	104.0	144.0	n/a	105.0	44.0	64.0	20.0	46.0	n/a	113.0	n/a
alpha_rarefaction_5230_4.txt	5230	4	110.0	63.0	n/a	99.0	79.0	43.0	60.0	n/a	76.0	36.0	n/a	n/a	98.0	100.0	67.0	n/a	n/a	n/a	34.0	34.0	39.0	n/a	n/a	54.0	n/a	98.0	57.0	43.0	n/a	176.0	n/a	n/a	112.0	n/a	n/a	38.0	60.0	52.0	67.0	105.0	143.0	n/a	105.0	44.0	69.0	22.0	48.0	n/a	109.0	n/a
alpha_rarefaction_5230_5.txt	5230	5	107.0	64.0	n/a	98.0	78.0	44.0	57.0	n/a	80.0	38.0	n/a	n/a	96.0	100.0	64.0	n/a	n/a	n/a	34.0	33.0	38.0	n/a	n/a	55.0	n/a	94.0	57.0	47.0	n/a	177.0	n/a	n/a	108.0	n/a	n/a	39.0	57.0	51.0	73.0	104.0	144.0	n/a	104.0	45.0	64.0	21.0	47.0	n/a	115.0	n/a
alpha_rarefaction_5230_6.txt	5230	6	109.0	65.0	n/a	100.0	73.0	44.0	54.0	n/a	78.0	37.0	n/a	n/a	96.0	100.0	65.0	n/a	n/a	n/a	34.0	31.0	39.0	n/a	n/a	51.0	n/a	96.0	57.0	43.0	n/a	178.0	n/a	n/a	111.0	n/a	n/a	37.0	57.0	54.0	74.0	101.0	144.0	n/a	105.0	44.0	61.0	19.0	47.0	n/a	113.0	n/a
alpha_rarefaction_5230_7.txt	5230	7	112.0	63.0	n/a	100.0	76.0	44.0	55.0	n/a	78.0	36.0	n/a	n/a	97.0	99.0	64.0	n/a	n/a	n/a	34.0	32.0	38.0	n/a	n/a	55.0	n/a	97.0	57.0	40.0	n/a	175.0	n/a	n/a	110.0	n/a	n/a	38.0	57.0	52.0	70.0	106.0	143.0	n/a	105.0	47.0	67.0	22.0	49.0	n/a	115.0	n/a
alpha_rarefaction_5230_8.txt	5230	8	105.0	65.0	n/a	99.0	76.0	42.0	57.0	n/a	78.0	37.0	n/a	n/a	96.0	101.0	56.0	n/a	n/a	n/a	33.0	32.0	39.0	n/a	n/a	54.0	n/a	96.0	57.0	44.0	n/a	178.0	n/a	n/a	112.0	n/a	n/a	36.0	54.0	52.0	74.0	107.0	144.0	n/a	105.0	43.0	58.0	20.0	49.0	n/a	114.0	n/a
alpha_rarefaction_5230_9.txt	5230	9	104.0	62.0	n/a	100.0	76.0	43.0	55.0	n/a	76.0	37.0	n/a	n/a	94.0	102.0	66.0	n/a	n/a	n/a	34.0	33.0	39.0	n/a	n/a	53.0	n/a	99.0	57.0	43.0	n/a	175.0	n/a	n/a	104.0	n/a	n/a	37.0	56.0	54.0	71.0	103.0	144.0	n/a	105.0	45.0	61.0	19.0	47.0	n/a	113.0	n/a
alpha_rarefaction_5810_0.txt	5810	0	112.0	n/a	n/a	n/a	79.0	n/a	59.0	n/a	82.0	38.0	n/a	n/a	99.0	106.0	67.0	n/a	n/a	n/a	n/a	34.0	40.0	n/a	n/a	56.0	n/a	99.0	n/a	38.0	n/a	180.0	n/a	n/a	111.0	n/a	n/a	37.0	58.0	56.0	70.0	106.0	n/a	n/a	n/a	48.0	63.0	22.0	46.0	n/a	116.0	n/a
alpha_rarefaction_5810_1.txt	5810	1	108.0	n/a	n/a	n/a	79.0	n/a	57.0	n/a	79.0	38.0	n/a	n/a	102.0	100.0	67.0	n/a	n/a	n/a	n/a	34.0	41.0	n/a	n/a	56.0	n/a	99.0	n/a	48.0	n/a	179.0	n/a	n/a	112.0	n/a	n/a	40.0	59.0	56.0	73.0	109.0	n/a	n/a	n/a	46.0	65.0	22.0	48.0	n/a	116.0	n/a
alpha_rarefaction_5810_2.txt	5810	2	109.0	n/a	n/a	n/a	80.0	n/a	57.0	n/a	81.0	38.0	n/a	n/a	97.0	105.0	69.0	n/a	n/a	n/a	n/a	34.0	38.0	n/a	n/a	56.0	n/a	99.0	n/a	47.0	n/a	177.0	n/a	n/a	113.0	n/a	n/a	40.0	59.0	53.0	71.0	107.0	n/a	n/a	n/a	46.0	62.0	19.0	48.0	n/a	114.0	n/a
alpha_rarefaction_5810_3.txt	5810	3	111.0	n/a	n/a	n/a	78.0	n/a	57.0	n/a	79.0	37.0	n/a	n/a	97.0	103.0	62.0	n/a	n/a	n/a	n/a	31.0	40.0	n/a	n/a	55.0	n/a	99.0	n/a	44.0	n/a	177.0	n/a	n/a	112.0	n/a	n/a	41.0	58.0	53.0	73.0	107.0	n/a	n/a	n/a	49.0	64.0	21.0	48.0	n/a	114.0	n/a
alpha_rarefaction_5810_4.txt	5810	4	105.0	n/a	n/a	n/a	78.0	n/a	58.0	n/a	80.0	38.0	n/a	n/a	100.0	107.0	64.0	n/a	n/a	n/a	n/a	34.0	40.0	n/a	n/a	55.0	n/a	99.0	n/a	48.0	n/a	175.0	n/a	n/a	109.0	n/a	n/a	37.0	60.0	52.0	79.0	108.0	n/a	n/a	n/a	48.0	69.0	21.0	48.0	n/a	115.0	n/a
alpha_rarefaction_5810_5.txt	5810	5	110.0	n/a	n/a	n/a	78.0	n/a	59.0	n/a	83.0	37.0	n/a	n/a	98.0	103.0	69.0	n/a	n/a	n/a	n/a	33.0	39.0	n/a	n/a	55.0	n/a	99.0	n/a	48.0	n/a	183.0	n/a	n/a	112.0	n/a	n/a	36.0	57.0	53.0	66.0	107.0	n/a	n/a	n/a	46.0	69.0	22.0	48.0	n/a	113.0	n/a
alpha_rarefaction_5810_6.txt	5810	6	112.0	n/a	n/a	n/a	79.0	n/a	58.0	n/a	81.0	37.0	n/a	n/a	97.0	99.0	67.0	n/a	n/a	n/a	n/a	34.0	40.0	n/a	n/a	55.0	n/a	99.0	n/a	43.0	n/a	181.0	n/a	n/a	110.0	n/a	n/a	39.0	59.0	54.0	76.0	108.0	n/a	n/a	n/a	42.0	65.0	20.0	47.0	n/a	116.0	n/a
alpha_rarefaction_5810_7.txt	5810	7	110.0	n/a	n/a	n/a	77.0	n/a	60.0	n/a	82.0	37.0	n/a	n/a	97.0	98.0	65.0	n/a	n/a	n/a	n/a	33.0	40.0	n/a	n/a	52.0	n/a	99.0	n/a	45.0	n/a	178.0	n/a	n/a	108.0	n/a	n/a	39.0	57.0	53.0	68.0	108.0	n/a	n/a	n/a	46.0	61.0	23.0	48.0	n/a	116.0	n/a
alpha_rarefaction_5810_8.txt	5810	8	112.0	n/a	n/a	n/a	80.0	n/a	60.0	n/a	81.0	38.0	n/a	n/a	100.0	101.0	68.0	n/a	n/a	n/a	n/a	32.0	41.0	n/a	n/a	56.0	n/a	99.0	n/a	44.0	n/a	181.0	n/a	n/a	109.0	n/a	n/a	39.0	60.0	53.0	75.0	107.0	n/a	n/a	n/a	44.0	65.0	21.0	46.0	n/a	116.0	n/a
alpha_rarefaction_5810_9.txt	5810	9	114.0	n/a	n/a	n/a	80.0	n/a	60.0	n/a	80.0	38.0	n/a	n/a	99.0	103.0	67.0	n/a	n/a	n/a	n/a	34.0	40.0	n/a	n/a	54.0	n/a	99.0	n/a	45.0	n/a	177.0	n/a	n/a	109.0	n/a	n/a	39.0	60.0	53.0	70.0	106.0	n/a	n/a	n/a	47.0	66.0	23.0	46.0	n/a	115.0	n/a