	sequences per sample	iteration	C3.110101	8.031003	2.071703	C11.092001	2.40301	7.051803	7.042002	7.070101	4.020701	7.030803	4.010402	4.011602	4.120403	C14.112902	4.112003	10.120602	2.062501	C11.120501	10.061303	8.111401	3.80403	3.052601	2.021503	8.050603	8.011403	7.112902.06.MC044	3.111301.MC026	7.010201.MC242	3.011101.MC225	C11.112101.MC085	C3.092002.MC079	C3.112902.MC078	C14.110102.MC102	2.051801.MC214	7.021304.MC295	10.100501.MC108	10.110901.MC063	2.081802.MC222	2.110501.MC018	7.100101.MC257	4.052802.MC029	7.081001.MC002	4.041101.MC293	7.111402.MC259	2.022002.06.MC210	3.70501.MC223	8.030605.MC276	8.040303.MC045	4.062101.MC043	8.121401.MC285
alpha_rarefaction_10_0.txt	10	0	2.66955	2.50747	2.09231	1.21653	2.71944	1.46067	1.42827	2.66795	2.24327	1.34702	2.87781	1.49512	2.37599	2.14726	1.20129	2.07854	2.01194	1.52836	2.40234	0.83539	2.4186	1.60687	2.45099	2.18899	1.39048	1.67016	1.07036	1.33653	2.55503	2.76871	2.50352	1.67964	2.21643	1.36446	2.47222	1.46684	1.67196	2.18306	1.02949	1.98315	2.99003	3.39497	1.50581	1.91959	1.6458	1.46684	2.71264	1.33168	1.5564	1.49274
alpha_rarefaction_10_1.txt	10	1	2.88984	2.52657	1.77561	1.77628	1.13281	1.29338	2.1116	2.33392	1.41881	2.31322	1.96005	0.93979	1.82639	1.74829	1.55731	1.80231	1.22367	1.2106	2.87069	1.76331	1.45207	1.60233	1.23612	2.3991	1.1545	3.06185	0.92994	1.51199	2.80955	2.30774	2.13448	2.87087	1.97747	1.45811	2.0469	1.46684	1.46906	1.71289	0.99399	2.60544	2.52221	2.32852	2.10944	1.29119	1.45857	1.46684	3.0928	2.38381	1.68089	1.64958
alpha_rarefaction_10_2.txt	10	2	2.73589	2.41009	1.64357	1.17907	1.65202	1.27192	2.24352	2.2323	2.05852	0.80469	1.60317	1.03502	1.84468	1.80075	1.51127	1.96562	1.5377	1.81218	2.87069	1.32703	1.92036	2.10102	1.87415	2.18928	1.22407	1.95929	0.90907	0.77738	2.74916	2.50076	2.59258	2.72158	2.11261	1.55233	2.37015	2.13503	1.53824	1.61777	1.02949	1.54768	3.07537	2.26913	1.91271	1.63421	1.41206	1.76158	3.38048	2.42383	1.90834	1.51245
alpha_rarefaction_10_3.txt	10	3	2.64606	2.89984	2.20391	2.22401	1.34044	1.81669	1.84893	2.28318	1.76152	1.46226	1.96113	2.34761	2.35157	2.06753	1.36692	2.12346	1.80043	1.42315	2.83429	1.27507	1.89929	1.60259	1.8634	2.18899	1.34922	1.35728	1.05252	1.02194	3.12826	2.23036	2.65339	3.01787	1.73187	1.24112	2.60534	2.32494	1.32923	2.02262	1.9674	2.00619	1.45061	1.45682	1.84446	0.90933	1.41206	1.80027	2.56237	2.94984	1.4165	1.10136
alpha_rarefaction_10_4.txt	10	4	2.425	1.91179	2.31652	1.97659	2.13985	1.63727	2.11635	2.74564	2.67159	1.44743	2.49828	2.01003	1.84285	2.05419	1.66579	1.62481	0.94628	1.72512	3.04242	0.83539	1.45207	2.30575	1.92345	2.18928	1.40778	1.69182	1.78497	1.6021	3.24968	2.80061	3.38132	2.58025	2.31817	1.6888	1.82751	1.46684	2.01845	1.72217	1.84644	2.04135	3.28704	1.03217	1.88011	1.76958	1.38675	1.46684	2.73084	1.20556	1.74377	1.40434
alpha_rarefaction_10_5.txt	10	5	2.98822	2.3697	2.32692	1.60709	1.06294	1.47027	2.06441	1.44082	1.45446	1.4936	1.67283	1.74716	2.18668	1.66133	1.66777	1.67362	1.10727	1.44869	3.04258	1.15434	2.38764	1.60687	1.27031	2.18899	2.01453	1.71881	2.20014	1.33653	2.81918	2.47417	1.4255	1.27512	2.31172	1.54242	2.83796	2.32494	1.21259	2.15031	0.88959	2.74341	3.05904	2.11901	1.57476	0.90933	1.74882	1.46684	2.72954	1.76215	2.17137	1.68301
alpha_rarefaction_10_6.txt	10	6	2.35682	1.84336	1.42378	2.16551	1.87734	1.31569	2.43489	2.207	2.34514	1.30865	2.24843	2.47125	2.29928	1.77886	1.66777	2.38165	1.03464	1.15434	2.43616	1.27507	1.84389	1.90346	2.04236	2.64115	1.39048	2.60693	1.3378	2.43437	2.43175	2.98015	3.04839	2.085	2.0883	1.64042	1.92468	2.32494	1.84925	1.3926	1.53514	2.19099	3.26421	2.38005	2.32791	1.63065	1.41206	1.80027	3.12668	3.00053	1.53149	1.49274
alpha_rarefaction_10_7.txt	10	7	2.70075	2.1262	2.1944	1.70934	1.57661	1.27164	1.75104	2.06249	2.24022	1.57213	1.5541	1.49117	2.02992	2.13886	1.51127	1.40164	1.10636	1.13181	2.33753	0.83539	1.93794	1.60233	2.26532	2.3897	1.28263	1.91855	2.20746	1.37128	2.41376	3.03302	1.31023	2.80748	2.32582	1.44326	1.94643	2.32494	1.54826	1.92243	0.99399	2.21537	2.6345	2.42929	2.13157	1.63065	1.41206	1.46684	2.75802	2.52051	1.4861	1.46793
alpha_rarefaction_10_8.txt	10	8	1.19908	2.64973	1.91877	1.89451	1.9629	1.68294	1.96808	2.00908	2.15342	1.49801	1.44162	1.01527	1.59848	1.53477	1.68825	1.58914	1.50325	1.48069	2.47552	1.15895	1.45207	1.53754	1.67985	2.18928	0.83555	1.61482	2.20014	1.33653	2.76413	2.4166	2.54965	0.88959	2.27482	1.85061	1.16929	2.4529	2.23391	1.71626	0.88959	2.32222	2.6617	1.88673	2.44336	1.70071	1.42887	1.46684	3.23231	1.87179	1.46183	1.69084
alpha_rarefaction_10_9.txt	10	9	2.86596	1.98067	2.39972	2.06208	1.06294	2.00588	2.02767	1.30804	1.08919	1.62799	1.94382	2.38053	1.77937	1.33609	1.66579	1.76194	0.97421	1.50271	2.91579	1.27507	1.45207	1.53769	1.56661	3.38532	1.42463	1.55111	1.14596	0.77738	2.67612	2.39374	2.78244	1.51857	1.73196	1.14358	2.65632	1.46684	1.67051	1.53514	0.88959	2.10528	2.86528	2.39128	1.64051	1.63421	1.74193	1.54331	2.38076	2.96997	2.01081	1.69314
alpha_rarefaction_590_0.txt	590	0	8.07219	5.92467	6.35405	6.25084	6.09251	4.58593	5.21077	6.35262	5.64564	4.65197	7.28064	6.91294	6.95152	5.01538	5.15362	4.71007	4.65698	5.51399	4.72823	2.55259	4.00017	3.33167	4.90749	5.73504	5.11531	5.87636	6.60683	4.71957	7.64879	8.95535	8.26701	6.12777	6.21476	3.74985	5.64399	4.96774	5.94908	4.69879	7.01946	7.23125	8.92119	6.0845	7.53685	4.68223	5.2118	3.53135	6.02203	6.06506	6.60075	3.5278
alpha_rarefaction_590_1.txt	590	1	8.56783	5.28741	6.24505	6.72223	6.19059	3.75465	5.09212	6.78066	5.40316	3.63865	6.23075	6.71124	6.05364	4.63526	4.84378	4.51785	5.22855	3.91873	4.85239	2.50896	2.94485	2.73547	4.73528	5.23839	3.71041	6.96802	6.78805	4.05977	7.36018	10.57127	7.97811	6.13033	5.88033	4.46837	6.15213	4.55404	4.46507	4.9656	6.42265	7.20921	7.79449	5.47381	8.48804	5.23376	5.3788	4.52327	5.33851	6.64854	6.52904	4.78603
alpha_rarefaction_590_2.txt	590	2	8.30268	5.47301	5.5655	6.46953	5.37764	4.0346	5.24715	6.6211	5.68832	4.21944	6.08238	6.50534	7.18647	4.52959	4.15843	5.31994	5.16601	5.47513	5.29923	2.01051	4.57762	2.69265	4.42506	5.81414	3.52913	6.60062	7.01408	4.55359	6.95968	8.9529	8.55242	5.55528	5.58844	4.35727	5.57044	4.23262	4.33596	5.22794	5.61729	7.35032	8.84039	5.39388	8.37574	5.06626	5.36059	3.2758	5.88037	6.42027	6.88114	3.9309
alpha_rarefaction_590_3.txt	590	3	7.27459	6.44928	7.46921	6.66133	4.589	4.47251	5.61891	6.43543	5.02916	4.21927	5.83272	6.05356	7.09843	3.92453	4.74694	4.81218	5.08679	5.1389	3.99426	1.96425	3.96886	3.8421	5.01535	4.92652	3.52146	5.28464	6.01631	4.18192	6.84589	10.4966	7.65721	6.36114	6.19927	2.95907	5.52883	4.6883	5.47399	5.08484	6.95145	6.87852	8.59207	5.833	8.16369	5.3029	5.5235	3.53626	5.44216	6.57273	6.8281	4.56538
alpha_rarefaction_590_4.txt	590	4	8.39571	5.66808	6.63067	6.09502	7.49781	3.98784	4.78842	6.10161	5.68253	4.68787	6.5625	6.23275	6.67461	5.1429	5.20318	4.99745	5.21816	4.04072	4.69114	3.37909	3.80039	4.08086	4.74459	5.6697	4.47343	7.4431	6.3169	4.5087	7.21368	9.99362	7.19015	5.91384	5.54983	3.19942	4.63753	4.57645	5.58481	4.84698	6.15978	7.13622	8.66351	6.275	7.48388	5.9687	5.50348	3.18912	5.70736	6.70464	6.9707	3.10462
alpha_rarefaction_590_5.txt	590	5	7.17788	5.52808	7.85581	5.72644	5.56223	4.55968	5.44422	5.62839	5.78437	3.41682	6.82799	6.8761	5.90645	4.60908	5.53847	5.64818	4.29604	4.86977	4.78193	2.5659	3.58132	2.98995	5.6538	5.46691	4.55523	6.60743	6.2508	3.82509	7.08746	10.30956	8.25827	5.63319	6.8475	3.06086	5.95425	4.6128	4.66546	4.94841	6.26073	6.48649	7.84358	5.8625	7.85451	4.64111	4.71417	2.73571	5.7155	6.27254	6.45298	3.95378
alpha_rarefaction_590_6.txt	590	6	7.63996	6.26832	6.85203	5.80148	5.49756	3.79131	4.58017	5.94739	4.98774	3.98286	6.12926	6.68951	6.2007	4.28016	4.19269	7.00531	5.3104	5.70267	4.55527	3.6326	4.50862	3.11531	4.89351	5.18592	4.18449	5.71311	5.63583	4.18932	7.31289	10.72285	8.57228	6.0022	5.97677	3.16772	5.27203	5.46481	5.01007	4.27879	6.13397	6.42918	8.04022	6.92747	7.45954	5.73927	5.1201	3.70349	5.58474	6.6093	6.17333	2.90789
alpha_rarefaction_590_7.txt	590	7	8.29524	5.30511	7.3301	5.45089	6.69063	3.87628	6.43336	6.17192	5.23629	3.92013	7.16635	7.46272	5.85162	4.65236	4.75868	5.43831	5.16049	5.47041	4.94589	2.44633	4.90436	3.19633	4.55796	5.72049	4.8747	7.1286	7.20255	3.96292	7.31071	10.461	8.78091	6.12135	6.12061	3.48829	5.49503	5.11858	5.52664	4.62031	5.54871	6.91388	8.14986	6.92638	8.40395	4.13389	6.00069	3.82081	5.77935	6.54901	6.86435	3.57445
alpha_rarefaction_590_8.txt	590	8	7.87134	5.76112	7.73499	5.92836	5.49073	4.02102	5.14517	6.13627	5.2242	4.2532	6.74389	7.21793	6.9899	4.57362	4.58363	6.09607	4.59904	4.96821	4.39012	3.37682	4.18824	3.35192	4.94777	4.83623	4.74628	6.2789	7.18255	4.89832	8.12416	10.03065	7.19799	6.18337	4.91932	3.64814	5.76334	4.4957	4.07998	4.98606	5.45327	6.02348	8.18276	5.66804	7.56831	2.84007	4.91892	4.48333	5.72034	6.77397	6.97167	4.01297
alpha_rarefaction_590_9.txt	590	9	7.22681	5.83263	5.86401	4.79217	6.24705	3.64181	5.27119	5.95249	4.82419	3.64796	7.18317	7.26234	5.9966	4.41801	5.82255	5.75135	4.1192	6.29447	4.99356	2.41491	3.72353	3.43006	4.80487	5.19795	4.61058	6.47961	6.01214	4.3301	6.83309	9.93094	7.45055	5.89309	6.20229	3.18988	4.81779	4.84171	4.25293	5.09441	6.42367	6.73239	8.64537	5.11578	7.23783	6.3442	4.55715	2.87838	5.88662	6.56373	6.23376	2.97652
alpha_rarefaction_1170_0.txt	1170	0	8.65769	7.32388	8.05742	8.26331	7.05712	4.99005	5.37235	7.19105	5.33911	4.0798	7.86208	8.02986	8.41089	5.5022	5.28776	6.01105	5.75293	5.92312	5.73606	2.61291	4.55561	4.33838	5.59107	5.10376	4.61656	7.96864	7.35748	4.88462	8.31131	11.15708	8.25734	6.71382	7.16549	4.73422	6.9133	5.29084	5.88876	5.34286	6.63184	7.64636	10.18628	6.77318	9.20104	7.09608	6.1201	3.97804	5.73706	6.70044	7.62367	4.36894
alpha_rarefaction_1170_1.txt	1170	1	8.49342	6.64106	8.40588	7.54664	7.19053	4.97228	5.89685	7.2563	6.21202	5.10595	7.55464	7.61528	8.30645	4.85262	6.40333	6.01029	5.47658	6.6648	5.58876	3.10525	4.83378	3.89295	5.10078	5.9997	6.22629	7.74298	7.49545	4.76354	7.67936	11.78244	8.6089	6.87632	7.05045	4.69814	6.5915	5.3982	6.152	5.28395	6.92201	8.16012	9.79842	7.3466	8.40073	6.8967	6.61057	3.48974	6.08702	6.71931	8.04401	5.01789
alpha_rarefaction_1170_2.txt	1170	2	9.45004	6.88285	6.91084	7.66181	7.54991	4.40175	5.8988	6.54099	5.67416	4.58328	7.8694	7.83634	7.71292	5.20025	6.23786	5.78902	5.54438	6.64288	5.70949	2.33566	5.18438	3.57419	5.35125	5.80598	4.82253	6.82338	7.86555	5.18886	7.84089	11.53871	8.98167	6.77152	7.42724	5.11095	7.07774	5.74862	6.08303	5.89947	6.89167	7.87817	9.1521	7.45943	8.58266	6.97943	6.79983	4.9611	6.02502	7.03297	8.54033	4.51753
alpha_rarefaction_1170_3.txt	1170	3	8.66143	6.38703	7.36361	7.10828	7.59779	5.51033	6.1036	6.90414	5.87607	4.51246	7.47817	7.63259	7.94741	4.9215	5.52711	7.29119	5.56701	5.5654	5.01198	3.3493	4.81386	4.75611	5.34306	5.73942	6.15866	6.78923	7.35549	4.71076	8.03511	11.18954	8.73432	6.81915	6.60322	4.14312	5.67228	5.76321	4.63948	5.76534	6.8756	7.39153	9.39778	7.35116	9.13105	7.32721	6.18755	4.13129	6.0208	6.82792	8.46054	4.1881
alpha_rarefaction_1170_4.txt	1170	4	8.64161	6.45583	8.16573	7.56595	8.03918	5.76274	5.6324	7.81289	6.03973	4.77921	6.9169	7.75694	8.55672	6.29361	5.92599	6.21388	5.91751	5.87678	5.23476	3.32737	5.07155	4.46525	5.23324	5.94343	5.12908	8.06307	7.78157	4.56001	8.35407	11.81608	7.90479	6.82407	5.95382	4.69612	6.77067	5.4839	5.67919	5.5932	6.72132	8.11356	9.79635	6.91866	7.92313	6.86034	6.45359	3.82534	6.16489	6.76448	7.3026	5.06876
alpha_rarefaction_1170_5.txt	1170	5	8.30604	6.52897	7.25755	6.88645	6.85378	4.70708	6.70491	7.21353	5.53623	5.26761	7.14032	7.52846	7.86791	5.18212	6.27581	5.93936	5.59529	5.45232	5.16973	3.49776	4.6905	4.52364	5.01188	6.19895	5.4266	7.35906	7.43322	4.62229	8.82035	10.93382	9.42162	6.97882	7.31225	4.79977	6.24994	5.60698	5.11452	6.04166	7.03454	7.36432	9.23166	7.41257	8.64742	5.92994	5.82635	4.17459	6.43313	6.65379	8.47852	5.63528
alpha_rarefaction_1170_6.txt	1170	6	9.38371	6.24065	8.93291	7.09901	6.6126	5.0013	6.09363	7.34507	6.1705	4.98941	7.93009	7.6023	7.472	6.08928	6.0797	5.85799	5.12625	5.93608	5.65009	3.7219	4.76268	4.51881	5.64352	5.89731	5.78291	8.21571	8.03689	5.45479	8.62693	10.56981	8.06445	7.04534	6.82355	4.21313	6.93943	5.71635	5.82897	6.25615	7.72993	7.80378	9.85401	6.67905	8.74593	6.72498	6.6702	3.83954	5.83413	6.80177	8.30741	3.41614
alpha_rarefaction_1170_7.txt	1170	7	9.24101	6.75038	7.11229	7.85716	7.03738	4.98632	5.70642	6.83201	6.63157	5.0495	7.04644	7.71687	8.13651	5.36272	5.9694	6.25358	5.2181	6.13131	5.65783	4.78456	4.99769	3.61669	5.49145	5.97059	3.85214	7.25653	7.74212	5.77967	8.2178	11.78759	8.88168	6.70808	6.86179	4.38954	6.52671	5.39507	5.71429	5.80629	6.64035	8.49309	10.21849	7.16103	9.47953	5.57792	6.09116	4.07015	6.29657	6.92783	8.45563	4.19398
alpha_rarefaction_1170_8.txt	1170	8	9.84294	7.51293	8.12329	7.03849	6.96604	5.66858	5.56072	7.32524	6.33294	4.73113	7.88977	7.4732	7.70247	5.67054	6.226	6.86428	5.64607	5.61448	5.66844	2.27039	4.72816	4.33836	5.16522	5.70926	4.84703	8.0604	7.91459	4.68023	8.50939	11.50996	8.3731	6.77985	6.62923	4.75056	6.36361	5.35696	5.87813	5.4662	7.13277	8.0085	9.74551	7.0398	9.99392	6.53755	6.25283	4.00967	5.69492	6.6898	7.45889	4.40763
alpha_rarefaction_1170_9.txt	1170	9	9.41003	7.05503	8.15971	6.74466	6.59619	4.72135	6.73924	7.24994	6.25341	4.40227	7.10069	7.57633	7.77747	5.3888	5.9666	6.3215	5.78239	6.02481	4.86231	1.95994	4.17836	3.84156	5.73617	6.44631	4.68731	8.08539	7.74315	4.53857	8.47786	11.70697	7.90282	7.15012	6.27306	4.44561	6.91762	5.51751	6.32237	6.00017	7.19481	8.2963	9.64602	7.20397	9.57272	6.57537	5.85896	3.78139	6.93462	7.03082	6.85326	4.48981
alpha_rarefaction_1750_0.txt	1750	0	9.01633	6.7487	8.6935	8.56138	6.87939	5.11242	7.42894	7.04201	6.18701	5.39798	7.60459	7.92497	8.68421	6.49228	7.53605	6.79761	5.80815	6.57214	5.27977	3.45057	5.50127	4.75939	5.23779	6.24335	6.03209	8.81352	7.90517	5.7689	8.99377	13.04128	8.90418	7.04604	7.74888	5.26186	7.58504	6.5086	6.19319	6.73678	7.70348	9.92459	10.00605	7.09801	8.91032	5.29423	6.91604	4.65552	6.68115	6.95646	9.17263	5.00256
alpha_rarefaction_1750_1.txt	1750	1	10.35739	7.45841	8.87255	8.1061	8.24501	5.02608	7.20022	7.72269	6.83239	5.01984	7.07406	7.67596	8.391	7.12998	6.63888	7.66246	5.61797	6.73595	6.01911	4.19817	5.23228	4.76786	5.75566	6.58905	5.45004	8.63822	7.54711	5.55188	8.84065	13.04548	9.76538	6.62011	7.62509	5.11561	7.19659	6.32404	5.77223	7.1851	7.19958	8.8162	10.01697	6.86593	9.59837	6.57045	7.35162	4.90455	6.2885	6.95132	8.6519	5.56099
alpha_rarefaction_1750_2.txt	1750	2	9.55005	7.6761	9.30663	8.00917	7.66034	5.26843	7.32424	7.8255	6.25644	5.23703	8.38478	8.08532	9.425	5.74418	7.46832	7.50882	5.95654	6.80509	5.66403	5.026	5.6035	5.0072	5.47536	6.67136	7.36446	7.84817	8.13896	5.61227	8.70686	12.31031	10.31974	6.51585	8.16439	5.21273	7.35178	5.78645	5.82041	5.80259	7.56315	8.81826	9.85343	7.77575	9.46497	7.92621	6.96616	3.91401	6.91109	6.88363	9.08307	4.1466
alpha_rarefaction_1750_3.txt	1750	3	9.90811	7.06962	8.80576	7.70951	8.61464	5.55085	7.29816	8.04202	6.48105	5.49646	8.33355	7.98388	7.83535	6.20486	6.27204	7.27896	6.07476	6.16971	5.72471	4.11058	5.81013	4.67838	6.06251	6.16727	6.76557	8.14689	7.84755	5.25146	8.67308	12.21991	9.89148	6.72999	8.14447	4.87174	7.73828	5.39549	5.2174	6.14399	7.83257	8.45418	9.92707	6.90343	10.31066	7.26944	6.89301	4.86342	6.83979	6.9062	8.40665	4.6034
alpha_rarefaction_1750_4.txt	1750	4	10.27818	7.60578	8.62581	8.34579	6.99607	6.04758	5.65797	7.9433	6.01956	4.829	8.74956	7.97999	8.70422	6.0694	7.12654	7.42166	6.05346	6.74191	6.52558	4.58099	4.98324	3.87944	5.86274	6.58868	6.3918	8.62427	7.94924	5.49109	8.76865	12.80805	9.36752	6.83893	7.64339	4.78089	7.35463	6.13296	5.97927	6.21648	7.9158	8.78423	10.70536	7.64335	9.83643	7.65499	6.7714	4.52927	6.99146	6.96016	9.16841	5.36159
alpha_rarefaction_1750_5.txt	1750	5	10.29193	7.38323	9.25245	7.97368	7.08642	6.04853	6.97173	8.15825	6.2626	5.47744	7.47402	7.94601	8.78619	5.6273	5.98077	6.43346	5.67273	6.64724	6.33016	4.41596	5.14726	3.80989	5.83065	6.67183	5.39714	9.69698	7.71519	4.94807	8.5802	12.97373	10.04734	7.42071	8.03665	5.40678	7.05147	5.92384	5.83797	6.20744	7.63051	8.49428	10.76228	7.92077	9.42877	7.60687	6.73033	4.67433	6.50126	6.779	9.45117	4.17137
alpha_rarefaction_1750_6.txt	1750	6	10.34488	7.71469	8.89872	8.72514	7.14395	5.31308	7.41901	7.45914	6.69627	5.41436	8.13215	7.99992	8.53737	6.3691	6.28218	6.52466	6.04255	6.4961	5.34009	4.57173	4.83101	4.09542	5.49557	6.54897	5.80005	8.46539	7.63874	4.98664	8.66554	12.22316	9.61707	7.40683	7.55349	5.34243	7.55638	5.83834	6.34569	6.00058	8.0963	8.37816	10.65091	7.05951	9.3863	6.92875	7.09608	4.67879	6.68836	7.08211	8.37017	4.89594
alpha_rarefaction_1750_7.txt	1750	7	10.09983	7.69623	9.17875	7.91689	7.32995	5.67514	6.07629	7.29287	6.17005	5.07537	8.62075	8.1116	8.35009	6.26388	6.56521	7.6769	5.99612	6.47791	5.71111	4.25536	6.04078	4.40693	5.99545	6.41864	5.61276	9.44758	7.73649	5.50378	8.90932	12.19468	10.07832	7.37045	8.48369	5.42899	6.77349	5.62254	6.02369	6.09098	7.77789	7.60174	10.65478	7.38514	10.03364	7.32579	6.61166	3.67676	6.08978	7.18098	8.87256	4.75993
alpha_rarefaction_1750_8.txt	1750	8	9.92692	7.71983	8.72668	8.04674	7.78746	5.81091	6.49271	7.89905	6.47557	4.79339	8.0791	7.90285	9.25984	6.5436	7.29512	7.0062	5.9924	5.87752	5.58559	3.62565	5.55781	4.45983	5.31048	6.9054	4.65343	9.15188	7.95021	5.6763	8.32389	12.56265	9.05303	6.73379	7.64265	5.30587	7.16538	6.27498	6.1632	6.6779	8.04663	9.44843	10.18422	7.41958	9.43816	7.67491	6.55003	4.77883	6.09462	6.89918	9.20418	4.95354
alpha_rarefaction_1750_9.txt	1750	9	9.88644	7.42905	8.96019	8.53467	8.25505	5.47358	7.05866	7.94234	6.40333	4.80292	8.72791	8.13469	8.52643	6.27032	6.82373	7.33325	5.95656	6.61427	6.06318	4.2731	5.43842	4.74974	5.59371	6.77444	5.79385	8.16593	7.75575	5.49005	9.00446	11.80644	9.66618	6.89831	8.04183	5.26648	7.39861	5.94476	6.02933	6.74727	7.31341	9.37741	10.13725	7.55633	10.33579	7.88183	7.72449	4.3178	6.83748	6.85724	7.49657	4.3854
alpha_rarefaction_2330_0.txt	2330	0	10.98333	7.69037	9.53554	7.78892	8.18646	6.34719	7.39742	8.21113	6.67572	5.19473	8.68131	8.00292	8.87749	5.52333	7.89583	7.57217	6.09911	7.1371	5.92186	4.49811	5.66641	4.23937	5.87809	6.31086	6.47931	9.48436	7.55679	6.43715	8.80228	13.62069	10.55944	7.47048	8.40215	5.12153	7.73283	5.88626	6.19017	6.59612	7.66562	9.06801	10.53288	7.95338	10.43886	7.28899	7.3957	4.94657	6.59414	7.1101	9.69088	6.41936
alpha_rarefaction_2330_1.txt	2330	1	10.71839	7.82668	9.041	8.6524	8.42132	5.98073	7.13614	8.41844	6.3559	5.18901	8.48093	8.05647	8.74112	6.30045	7.95688	7.70408	5.77114	6.97253	5.4725	3.66387	5.9295	4.76786	6.12682	6.60433	6.44269	9.46733	8.03205	5.68828	9.00874	12.85205	9.99422	7.72098	8.67773	5.27133	7.27425	6.55547	6.6015	6.61905	7.44048	9.77217	10.95658	7.89622	10.15975	7.27915	7.52407	4.97175	7.08109	7.07333	9.32311	6.31834
alpha_rarefaction_2330_2.txt	2330	2	10.91806	6.92728	9.19802	9.4825	8.57423	6.64881	8.28665	8.38434	6.84185	5.54553	9.29834	8.17688	8.92842	6.35006	7.15683	7.20386	6.10828	6.21239	6.10705	3.92203	5.51804	5.02047	6.23777	6.49946	7.25428	9.00445	8.01911	5.80618	9.26556	12.87165	10.57486	7.47467	7.74756	5.35029	7.9371	6.83654	6.07262	5.84167	8.39259	9.23385	10.65601	7.89529	9.96917	7.69181	7.23912	4.37616	7.13035	6.73234	9.71378	5.26718
alpha_rarefaction_2330_3.txt	2330	3	10.58147	7.80874	9.39226	8.95937	7.26277	5.84086	7.23261	8.0721	7.16496	5.04059	8.79566	8.08626	9.00095	5.71707	7.26032	7.59821	5.96669	6.36978	5.58575	3.70596	5.4863	4.60378	5.78133	6.79375	6.77559	9.57056	8.09029	6.28528	8.27555	13.20337	10.30257	7.35135	8.75858	5.62352	7.41475	6.27926	6.50575	5.99801	7.81235	9.72137	11.37502	8.21192	10.10059	7.69923	8.1041	5.08051	7.30269	7.15233	9.85406	5.76799
alpha_rarefaction_2330_4.txt	2330	4	10.71453	7.80249	8.14814	8.60464	7.49751	6.42986	7.66355	7.4327	7.16379	5.44788	8.80611	8.06334	9.27297	7.13786	6.47494	7.73493	5.99765	7.13726	6.52558	4.67996	5.51504	4.67534	5.73298	6.57203	6.16069	9.35267	8.26558	6.08043	9.22485	13.22416	10.58709	7.65868	8.32962	5.48208	7.4299	6.65528	6.37352	6.85912	7.44114	8.92511	10.59565	8.01619	9.68852	7.21258	7.38338	4.06449	7.13741	6.74088	8.42575	4.75247
alpha_rarefaction_2330_5.txt	2330	5	10.58046	6.89883	8.73561	8.55345	7.74869	5.80352	7.03995	8.08883	7.20327	5.51243	9.28987	8.40943	9.01236	6.5782	7.57905	6.98945	6.12886	6.29526	6.29372	5.66397	4.67425	5.16427	5.83966	6.7389	6.21375	8.76766	8.08532	4.9763	9.21017	13.79817	10.04005	7.39358	7.8908	5.40244	7.47705	6.4553	6.40206	6.79208	7.7153	8.8194	10.40289	7.9447	10.49931	7.39427	7.8111	4.86111	6.99572	6.99476	8.48959	4.91718
alpha_rarefaction_2330_6.txt	2330	6	10.82128	7.99073	9.53539	9.26537	8.23822	6.46696	7.76864	8.28063	6.32562	5.66267	8.86711	8.21745	9.2049	6.53936	7.40817	7.21319	6.20329	6.63714	6.46398	4.07248	6.74155	4.05518	5.95727	6.95303	6.06087	10.25487	7.98804	6.00104	8.59587	13.32313	9.96979	7.37267	7.5363	5.45426	7.422	5.66157	6.59478	5.81908	7.69005	8.88919	10.6401	7.8378	9.88842	7.75153	7.33261	4.89912	6.92079	6.94128	9.98734	5.86085
alpha_rarefaction_2330_7.txt	2330	7	10.41639	7.35985	9.40101	8.48523	8.33258	5.95848	8.18216	7.70429	6.65719	4.81469	8.37536	8.19395	8.45233	6.10429	6.69196	7.79431	6.04623	6.79298	6.0194	3.60248	5.86351	5.17893	6.02721	6.33206	6.75466	8.86576	7.90648	5.41041	9.03048	13.34621	10.44237	7.44276	8.24273	5.63005	7.5738	5.47743	6.57842	6.43643	7.94788	9.65303	10.17784	8.27393	9.46236	6.09789	6.92181	4.06	6.94103	7.15882	9.52961	5.42423
alpha_rarefaction_2330_8.txt	2330	8	10.77952	7.69035	9.48484	7.71352	8.18816	6.38004	7.66458	8.13678	6.44303	5.76844	9.09668	8.03803	8.83222	5.95573	6.43153	6.42743	6.0524	7.00373	5.69285	5.17335	5.22505	5.17893	5.97604	6.88477	5.89908	9.17664	7.97641	6.1147	9.15571	13.01676	9.98386	7.52406	8.61913	5.12007	7.48615	6.30896	6.30487	6.63601	7.51621	9.85832	10.45442	8.20806	10.31978	7.41515	7.09033	4.82724	6.53634	6.85164	8.51368	5.1204
alpha_rarefaction_2330_9.txt	2330	9	10.30219	7.86962	9.25708	8.62797	7.27434	5.54948	7.86105	8.1273	6.79908	5.1151	8.46953	7.94443	8.68548	5.84937	6.80351	7.81776	6.14345	6.3409	5.92683	5.2741	6.29975	4.54923	6.3032	7.10372	5.53177	8.63543	7.88628	5.69379	9.07997	13.36882	10.56468	7.64257	7.77569	5.60477	7.68587	6.6774	6.62464	6.43585	8.7473	9.87689	11.14019	7.65401	10.3134	6.7872	7.42947	4.64269	6.22996	7.00806	8.65859	6.10585
alpha_rarefaction_2910_0.txt	2910	0	10.49595	7.84412	n/a	8.89718	8.6301	6.90141	7.35792	8.25272	7.01882	5.48508	8.69503	8.49625	9.59465	6.96279	8.21262	7.93461	6.06451	6.62394	6.83364	5.58925	7.04864	4.97871	5.98263	7.22514	6.51608	8.84887	8.04952	5.51125	9.27012	14.03221	10.02508	7.76542	8.67846	5.66492	8.22166	6.37027	6.92549	6.56492	8.48283	9.58797	11.29531	8.4071	10.32121	7.97388	6.99447	5.01359	6.84894	7.18116	10.19586	5.04355
alpha_rarefaction_2910_1.txt	2910	1	10.97425	7.89075	n/a	9.2053	8.77455	6.20414	7.85777	8.33168	7.37549	5.6246	9.29756	8.51602	9.35149	6.22076	7.46671	7.71889	6.18236	7.13741	6.42396	6.27268	6.35618	5.17046	5.81282	7.24481	6.54504	10.14289	8.30513	5.68994	9.20247	13.56377	9.92657	7.71907	8.34659	5.62572	8.05867	6.32515	6.73517	6.73807	7.81801	9.32434	11.58553	8.23943	10.27983	7.21546	8.10283	4.98211	6.99971	7.14404	9.26757	5.04745
alpha_rarefaction_2910_2.txt	2910	2	10.59252	7.95978	n/a	9.02399	7.60648	6.66304	7.99921	8.47875	6.73582	5.63568	8.81147	8.3314	9.68411	6.70706	8.23786	7.95683	6.03521	7.1371	6.69297	5.30133	6.07228	4.75371	5.50769	6.3902	7.15083	9.81933	8.25406	5.91248	9.14462	14.46563	10.69176	7.70651	8.22573	5.23016	7.89132	6.04978	6.72432	7.2549	7.76837	9.69985	11.03753	8.3476	10.28591	8.12954	8.09562	4.72322	7.24441	6.9483	9.50586	6.54804
alpha_rarefaction_2910_3.txt	2910	3	11.06271	7.92591	n/a	8.65523	8.8851	6.57374	8.21497	8.49878	7.22738	5.40246	9.03274	8.36717	9.45161	6.91981	7.24753	7.93659	6.12032	7.03207	6.06367	4.93454	6.56089	4.98337	6.22168	7.17612	6.48455	10.25267	8.2708	5.84366	9.32042	13.37269	10.01102	7.65937	8.5524	5.50476	7.8825	6.56682	6.91679	6.56403	7.79358	9.44767	11.26503	8.64594	10.47625	7.62172	7.50588	4.73643	7.22408	7.23854	9.47609	5.65362
alpha_rarefaction_2910_4.txt	2910	4	10.05726	8.1123	n/a	8.62148	9.13546	6.64154	8.29391	8.45564	6.93499	5.28404	9.18332	8.42847	9.84586	7.56563	7.72735	7.5536	6.20343	7.13741	7.01944	5.0489	6.45637	4.26917	6.34937	6.98508	6.99419	8.92925	8.09149	5.88161	9.27167	13.9572	10.38646	7.59139	8.83154	5.65153	8.10043	6.38822	6.52311	7.09285	7.64887	9.89679	11.29196	7.83795	10.70011	8.0499	7.22168	5.04332	6.85851	7.03366	9.3583	6.39214
alpha_rarefaction_2910_5.txt	2910	5	10.79268	8.10875	n/a	9.29904	8.15505	6.04841	8.08457	8.17269	7.14942	5.2685	9.22728	8.44859	9.2934	6.92122	8.08969	7.90548	6.19871	7.13741	6.03969	4.83971	6.13247	4.94546	6.35335	7.20139	6.16158	8.88105	8.10081	5.47968	9.15023	13.82214	10.90573	7.71711	8.19237	5.66492	8.24656	6.6147	6.99986	6.32164	8.49472	9.33506	11.31759	8.01839	10.52291	7.65218	7.94229	5.0233	7.22796	7.24377	10.10229	6.33195
alpha_rarefaction_2910_6.txt	2910	6	10.54643	7.72018	n/a	8.5544	8.96178	5.91761	7.47747	8.45332	7.30773	5.47602	9.19728	8.20572	9.6099	6.36779	8.05801	7.49881	6.19871	6.62394	6.32871	5.4228	6.39727	5.07409	6.30133	6.98017	6.77796	9.39346	8.41963	5.92132	9.1626	13.97987	10.7349	7.36159	8.11114	5.66476	8.27305	6.76073	6.84848	6.84503	8.51933	9.06855	11.26082	8.15509	10.2293	8.17834	7.28611	4.83791	7.09483	7.17957	10.1863	4.63314
alpha_rarefaction_2910_7.txt	2910	7	10.83388	7.85759	n/a	8.69784	8.18514	6.00292	8.00349	8.08052	7.25196	5.59562	9.17159	8.05181	8.95554	6.14834	7.16167	7.79637	6.16498	7.13727	6.94503	5.65058	6.36597	4.95393	6.34937	7.00186	6.41655	10.05296	8.10719	5.64227	9.28128	13.50993	10.77087	7.22924	9.35075	5.66492	7.67886	6.40677	6.59521	6.58516	8.07534	8.99919	10.65409	8.31882	10.46627	7.84605	8.01034	4.43719	7.0246	7.02078	9.91778	6.00214
alpha_rarefaction_2910_8.txt	2910	8	10.82808	7.89664	n/a	9.11967	8.59478	6.16316	6.79831	8.27043	7.4006	5.59286	9.01736	8.45771	9.68041	6.90375	7.98945	7.95698	6.19887	7.13741	6.95945	4.51173	5.74874	5.19422	6.24373	6.77904	7.16025	9.81049	8.0318	6.11533	9.08816	13.36235	10.21878	7.55386	8.92767	5.66492	8.10199	6.06665	6.42578	7.02346	7.82991	9.11763	11.08907	8.33821	10.00114	6.78803	7.94409	4.48562	7.32636	6.9514	9.83069	5.50243
alpha_rarefaction_2910_9.txt	2910	9	11.25459	7.94525	n/a	8.86066	8.69488	6.60612	8.43104	8.6691	6.98975	5.01494	9.05381	8.49871	9.24434	6.10282	7.07853	7.73628	6.07502	7.13741	7.10256	4.28313	6.18195	4.69553	6.36695	7.15266	7.14036	9.39546	8.1829	6.38681	9.23496	13.52639	10.73313	7.44914	7.90166	5.541	7.87529	5.84849	6.63461	6.81783	8.33013	9.56547	11.47365	8.38826	10.37579	7.78172	7.96263	4.95172	7.01326	7.23695	10.08012	6.17027
alpha_rarefaction_3490_0.txt	3490	0	10.44445	7.93706	n/a	9.20352	8.63823	6.39946	8.61914	8.71006	7.46066	5.67528	9.1588	8.53246	9.8541	7.70306	8.33895	n/a	6.20357	n/a	6.47342	5.09247	5.98726	5.17893	6.21772	7.1391	7.18134	9.96511	8.37374	6.25705	n/a	14.36239	10.42487	7.68173	8.68982	n/a	8.10215	6.79444	6.58491	6.88763	7.47323	10.43193	11.11906	8.31353	10.43754	8.38323	7.87619	5.12267	6.87108	7.21649	10.0249	6.54724
alpha_rarefaction_3490_1.txt	3490	1	11.56731	7.91735	n/a	9.76348	8.13055	6.4842	8.85499	8.70723	7.41529	5.77936	9.5355	8.53246	9.89351	7.41158	8.64426	n/a	6.20357	n/a	6.27259	4.65071	6.13486	4.96342	6.26255	6.97826	7.3182	9.96473	8.33023	6.50698	n/a	14.54095	10.79963	7.75901	8.77339	n/a	7.94979	6.28892	6.5944	6.99267	7.90696	10.05502	11.28726	8.56707	10.75157	8.33442	7.93461	4.05013	7.13343	7.24377	10.48033	6.07976
alpha_rarefaction_3490_2.txt	3490	2	11.17364	8.17098	n/a	9.14872	8.91471	6.13097	7.388	8.47909	7.57276	5.60879	9.48383	8.53246	9.465	6.96841	8.00349	n/a	6.19901	n/a	6.43984	5.40461	5.96271	5.17893	6.24208	6.94698	6.3833	9.76706	8.32275	6.64334	n/a	14.3166	10.98701	7.77047	8.34937	n/a	7.83659	6.97056	6.46293	6.65883	8.46489	9.35795	11.19736	8.34776	10.46831	8.01732	8.03532	4.39819	6.91474	7.24377	10.11429	6.34264
alpha_rarefaction_3490_3.txt	3490	3	11.81196	7.94224	n/a	9.28173	8.88693	6.66663	8.02882	8.62493	7.31379	5.60205	9.66256	8.53246	9.55899	7.32171	7.98238	n/a	6.20357	n/a	6.95959	4.82724	6.29054	5.00518	6.36695	7.12543	7.16919	10.74725	8.37648	6.36855	n/a	14.40384	10.4124	7.58767	8.41516	n/a	8.30578	7.00215	7.09034	6.55455	8.64663	9.35894	11.50562	8.06836	10.25869	7.85131	7.80254	5.02874	7.18809	7.24377	10.29788	5.31599
alpha_rarefaction_3490_4.txt	3490	4	10.94275	7.96535	n/a	9.73698	8.63196	6.82871	7.21039	8.54794	7.6548	5.40985	9.70162	8.53246	9.6623	7.54504	8.24532	n/a	6.20357	n/a	6.72669	5.02989	6.20576	5.19422	6.36695	7.04707	6.50647	10.17219	8.39287	6.13075	n/a	13.94674	10.84806	7.67274	9.22909	n/a	8.31934	6.73323	6.95734	6.88827	8.22511	10.15849	11.0438	8.62072	10.71392	7.34618	7.62709	5.20683	6.84202	7.18623	9.25554	6.59734
alpha_rarefaction_3490_5.txt	3490	5	10.85184	8.05526	n/a	9.87275	8.88241	6.04772	8.10697	8.701	7.01579	5.76123	9.19539	8.42073	10.07612	6.85455	7.93016	n/a	6.20357	n/a	6.83791	5.63229	6.1078	4.48002	6.34937	7.1204	7.39162	9.51464	8.35452	6.47289	n/a	13.96277	10.5246	7.78791	9.03133	n/a	8.18537	6.81428	6.98858	7.10064	8.47162	9.9973	10.93497	8.54958	10.59501	7.95812	8.04581	5.31344	7.33167	7.24377	9.56385	6.12911
alpha_rarefaction_3490_6.txt	3490	6	11.05793	7.81007	n/a	9.32417	8.77362	6.73062	8.16947	8.59576	7.50977	5.47937	9.16546	8.53246	9.25736	7.58295	8.09188	n/a	6.20357	n/a	6.1721	5.92867	6.06205	5.19422	6.36681	6.79782	6.89288	9.72245	8.04933	6.4381	n/a	14.13701	10.93758	7.86434	8.60045	n/a	8.06379	6.43383	6.8667	6.79465	8.19718	9.71879	11.36401	8.534	10.79894	7.93399	7.16859	5.19225	7.2206	7.23711	10.34504	5.85118
alpha_rarefaction_3490_7.txt	3490	7	10.79478	8.15279	n/a	9.75592	8.03452	6.47503	8.27289	8.49898	6.86545	5.61352	9.33513	8.53246	9.82333	6.99513	8.24277	n/a	6.20357	n/a	6.42804	4.50033	6.27347	5.17893	6.07952	7.08434	6.90355	10.13837	8.09697	6.28875	n/a	14.09765	10.77557	7.86434	9.09389	n/a	8.0546	6.74543	6.9199	6.85329	8.84544	9.89824	11.61952	8.38431	10.90771	8.36995	7.93563	5.00148	7.26693	7.22619	10.15846	5.50738
alpha_rarefaction_3490_8.txt	3490	8	10.77501	8.10796	n/a	8.79091	8.84716	6.322	8.45149	8.71209	7.13402	5.89679	9.75381	8.48681	9.50774	6.6181	8.54085	n/a	6.20357	n/a	6.70255	5.8632	7.18002	5.17893	6.36695	6.7479	6.42227	9.90398	8.40437	6.6255	n/a	14.01435	10.98716	7.86434	9.38447	n/a	7.92849	6.05101	6.3929	7.53132	8.90154	10.34445	11.37126	8.53386	10.69616	7.94673	8.60696	4.90527	6.98229	7.21916	10.38471	6.81844
alpha_rarefaction_3490_9.txt	3490	9	10.0684	7.85474	n/a	9.49821	9.11369	6.93724	8.25466	8.65448	7.3958	5.74458	9.06038	8.53246	9.55346	6.90393	7.6268	n/a	6.20357	n/a	6.4737	4.46658	6.74385	5.07409	5.90592	7.09676	7.04654	10.39134	8.26546	5.97685	n/a	14.1776	10.854	7.72098	9.48823	n/a	8.33223	6.79787	6.84613	6.79033	8.51804	9.93179	11.01466	8.40786	10.92137	7.74902	7.64206	5.09522	7.26951	7.23895	10.11446	5.46157
alpha_rarefaction_4070_0.txt	4070	0	10.9224	8.03343	n/a	9.93737	9.48822	6.14735	9.27628	8.71328	7.49144	5.83054	9.99457	n/a	9.939	7.47253	7.8659	n/a	n/a	n/a	6.30631	5.24566	6.93482	5.19422	n/a	7.23117	7.20328	10.38079	8.45128	6.39796	n/a	14.80992	n/a	n/a	9.50363	n/a	8.36078	6.74989	6.71309	7.38562	8.28101	10.31063	11.88509	8.64594	10.93096	7.67073	7.99239	5.28599	7.21179	n/a	10.45211	6.74078
alpha_rarefaction_4070_1.txt	4070	1	10.64497	8.11923	n/a	9.5508	9.37897	7.02867	8.76965	8.78455	7.56362	5.50124	9.75287	n/a	9.71888	7.70241	8.88332	n/a	n/a	n/a	6.72655	5.61337	6.80015	5.19422	n/a	7.18441	6.62653	9.96012	8.21804	6.42295	n/a	14.38253	n/a	n/a	8.3921	n/a	8.3605	6.46747	6.84981	6.54907	8.51671	10.34777	11.35578	8.64594	10.66953	8.29289	8.65235	4.86517	7.21411	n/a	10.44302	6.07102
alpha_rarefaction_4070_2.txt	4070	2	11.46277	8.17118	n/a	9.79956	8.8714	6.4665	8.34175	8.82019	7.32125	5.86273	9.54651	n/a	9.78671	7.65603	8.74355	n/a	n/a	n/a	6.94503	6.16268	5.73485	4.97871	n/a	7.24925	7.12344	10.4896	8.21033	6.76217	n/a	14.47075	n/a	n/a	9.68531	n/a	8.32611	6.7143	6.9024	6.65775	8.73348	10.30186	11.52521	8.47089	10.57485	8.14555	8.54683	5.03085	6.68126	n/a	10.08401	6.77575
alpha_rarefaction_4070_3.txt	4070	3	11.29374	8.10258	n/a	9.49039	9.48765	6.73013	8.64603	8.82019	7.05334	5.99826	9.37998	n/a	9.64481	8.03531	8.79144	n/a	n/a	n/a	6.96917	5.90894	7.17951	5.19422	n/a	7.32157	6.72919	10.54375	8.42261	6.79366	n/a	14.70556	n/a	n/a	9.20219	n/a	8.36078	6.85859	6.67662	6.54135	7.95531	10.07937	11.93867	8.11232	10.74034	8.09137	7.66663	5.3472	6.91459	n/a	10.44695	6.80509
alpha_rarefaction_4070_4.txt	4070	4	10.90818	8.00114	n/a	9.50003	8.40797	6.4876	8.81484	8.8093	7.12838	5.81601	9.54157	n/a	9.58636	7.35298	8.66419	n/a	n/a	n/a	6.39934	6.1991	6.32721	4.97024	n/a	7.17081	7.27683	10.49606	8.3231	5.9488	n/a	13.62062	n/a	n/a	8.71799	n/a	8.35618	6.61874	7.04928	6.98303	8.20321	10.59226	11.29606	8.64594	10.6778	8.33006	8.26211	5.07731	7.42987	n/a	10.02849	6.81733
alpha_rarefaction_4070_5.txt	4070	5	11.21766	8.32802	n/a	8.97858	9.15729	6.25659	8.92925	8.71342	7.47931	5.54227	9.54267	n/a	10.00349	7.41995	8.40624	n/a	n/a	n/a	6.1712	5.70378	5.73351	4.90034	n/a	7.07619	7.39191	10.24933	8.24073	7.28877	n/a	14.76785	n/a	n/a	8.92965	n/a	8.36078	6.53198	6.51057	7.43943	8.67098	10.13103	11.62961	8.64608	10.82394	8.02708	8.23427	5.16271	6.8044	n/a	10.2926	6.79551
alpha_rarefaction_4070_6.txt	4070	6	11.48302	8.28286	n/a	9.93723	8.95752	6.39528	8.65426	8.82019	7.12747	5.77214	10.0322	n/a	9.60717	7.35982	8.38356	n/a	n/a	n/a	7.13628	5.86579	7.06429	5.19422	n/a	6.9947	7.39162	10.05445	8.16664	6.44396	n/a	14.94398	n/a	n/a	9.16248	n/a	8.36078	7.06652	7.05502	6.65815	8.33157	10.01007	11.1912	8.47089	10.78987	7.93541	8.14235	4.30316	7.416	n/a	10.69222	6.80153
alpha_rarefaction_4070_7.txt	4070	7	11.69494	8.16314	n/a	9.59313	9.07243	6.79323	8.74515	8.82019	7.79378	5.70529	9.78672	n/a	10.0176	7.42697	8.97247	n/a	n/a	n/a	6.95959	5.4757	6.60565	5.19422	n/a	6.83156	7.30999	9.98981	8.50249	6.78583	n/a	14.54388	n/a	n/a	9.28361	n/a	8.36062	6.52759	6.92432	7.13417	8.54743	10.63566	11.25614	8.55936	10.61311	7.5433	8.2106	5.06263	7.1881	n/a	10.46448	6.21537
alpha_rarefaction_4070_8.txt	4070	8	10.89629	7.94806	n/a	9.90337	8.96338	6.99657	8.49374	8.65294	7.44762	5.55912	9.85336	n/a	9.97537	7.37722	8.77138	n/a	n/a	n/a	6.71711	4.84569	6.99742	5.19422	n/a	7.15711	7.28925	9.83813	8.43998	6.67397	n/a	14.25515	n/a	n/a	9.58534	n/a	8.36078	6.449	6.62247	7.00155	8.16001	10.51175	11.06456	8.64608	10.88927	8.09958	8.08248	4.96104	7.50296	n/a	10.74729	6.64189
alpha_rarefaction_4070_9.txt	4070	9	11.7761	8.34231	n/a	9.91974	9.25944	6.62142	8.71814	8.82019	7.30844	5.76182	9.8214	n/a	9.82879	6.42363	8.30712	n/a	n/a	n/a	7.1267	5.3894	7.0203	5.19422	n/a	6.99746	7.15932	10.92213	8.28028	6.51632	n/a	14.34806	n/a	n/a	8.93476	n/a	8.36078	6.55247	6.89372	7.22649	7.79062	10.40688	11.9223	8.60346	10.84179	8.23561	8.32375	5.25873	6.65871	n/a	10.32898	6.5514
alpha_rarefaction_4650_0.txt	4650	0	11.54965	8.30591	n/a	9.56067	9.05149	5.99967	8.82501	n/a	7.2508	5.98795	10.0322	n/a	10.22018	7.56334	8.8171	n/a	n/a	n/a	7.13642	6.27985	6.83171	5.19422	n/a	7.33243	7.39191	10.71912	8.50235	6.5905	n/a	14.49483	n/a	n/a	8.96021	n/a	n/a	6.75818	7.03583	7.27627	8.68825	10.79343	11.88401	n/a	10.93596	8.09894	8.31377	4.96646	7.53466	n/a	10.47647	n/a
alpha_rarefaction_4650_1.txt	4650	1	11.34267	8.16728	n/a	9.7725	9.28523	6.98	8.99631	n/a	7.6573	5.41733	10.0322	n/a	10.07504	7.46002	8.42894	n/a	n/a	n/a	7.13642	5.91737	7.04	5.19422	n/a	7.35206	7.13318	10.87593	8.50249	6.0181	n/a	14.78967	n/a	n/a	9.50556	n/a	n/a	6.88105	6.85277	7.41171	8.6923	10.6682	11.88637	n/a	10.7362	8.45714	8.29011	4.96648	7.52474	n/a	10.25233	n/a
alpha_rarefaction_4650_2.txt	4650	2	11.32445	8.34231	n/a	9.7749	9.46006	6.98684	9.20041	n/a	7.56261	5.76196	9.81713	n/a	10.33473	7.46377	9.08533	n/a	n/a	n/a	7.13642	5.93484	6.97074	5.19422	n/a	7.40105	7.39191	10.81934	8.50249	6.88631	n/a	14.89089	n/a	n/a	9.18305	n/a	n/a	6.85534	7.19965	7.47491	8.92444	10.51594	11.89623	n/a	10.92168	8.13242	8.26937	4.94958	7.47765	n/a	10.68627	n/a
alpha_rarefaction_4650_3.txt	4650	3	11.77144	8.03691	n/a	9.81545	9.15564	7.11025	9.0996	n/a	7.09101	5.82012	9.76625	n/a	10.25701	8.00562	8.33624	n/a	n/a	n/a	7.13628	6.20817	6.46225	5.19422	n/a	7.24059	7.16422	10.86868	8.50249	6.1411	n/a	14.5575	n/a	n/a	9.15555	n/a	n/a	7.62227	7.05522	6.99838	8.95937	10.72616	11.81161	n/a	10.93093	8.11456	8.34828	5.30304	6.90349	n/a	10.3624	n/a
alpha_rarefaction_4650_4.txt	4650	4	10.783	8.0892	n/a	9.32566	9.07534	6.96878	8.77712	n/a	7.45129	5.86936	10.0322	n/a	10.06236	7.43622	7.93693	n/a	n/a	n/a	6.94489	5.86299	7.22445	5.19422	n/a	7.0918	7.04895	10.28365	8.44239	6.49209	n/a	14.69743	n/a	n/a	9.02871	n/a	n/a	6.50921	7.13954	7.29167	7.83127	10.55108	11.90791	n/a	10.94243	8.1051	8.30452	5.12267	7.69957	n/a	10.43845	n/a
alpha_rarefaction_4650_5.txt	4650	5	11.36644	8.32859	n/a	9.68152	9.53092	7.10197	8.60105	n/a	7.54464	5.7156	9.99508	n/a	10.13405	7.24163	8.43894	n/a	n/a	n/a	7.13628	6.38192	6.74062	5.19422	n/a	7.44864	7.38694	10.80778	8.50249	6.77317	n/a	14.76964	n/a	n/a	9.56587	n/a	n/a	6.6791	7.04701	6.81772	9.15803	10.56095	11.98556	n/a	10.80208	8.27434	7.96944	4.88326	7.35762	n/a	10.67119	n/a
alpha_rarefaction_4650_6.txt	4650	6	11.4478	8.31444	n/a	9.82771	8.98165	6.92062	9.1165	n/a	7.67268	5.98868	10.0322	n/a	10.16638	7.45153	8.35451	n/a	n/a	n/a	6.4737	5.87314	6.67904	5.19422	n/a	6.93582	7.39191	10.92197	8.44239	6.29558	n/a	14.24624	n/a	n/a	9.18447	n/a	n/a	7.1745	6.69363	7.28625	9.01489	10.30903	11.98164	n/a	10.94307	8.20689	8.4889	5.37465	6.72645	n/a	10.78928	n/a
alpha_rarefaction_4650_7.txt	4650	7	11.62107	7.98943	n/a	9.73812	8.70867	7.11757	8.66312	n/a	7.4722	5.93274	10.0322	n/a	10.28524	7.41126	9.14794	n/a	n/a	n/a	6.72655	5.65902	6.92647	5.19422	n/a	6.9129	7.39191	10.7428	8.29088	6.02767	n/a	14.87068	n/a	n/a	9.3826	n/a	n/a	6.73706	6.95414	7.15726	9.04322	10.27477	11.87475	n/a	10.97723	7.90019	8.72559	5.16679	7.62147	n/a	10.61587	n/a
alpha_rarefaction_4650_8.txt	4650	8	11.4827	8.3143	n/a	9.54484	9.40386	6.93695	8.22403	n/a	7.50039	5.56383	10.0322	n/a	10.14835	6.92507	8.75816	n/a	n/a	n/a	7.13642	6.2608	6.48341	5.19422	n/a	7.47875	7.39191	10.74696	8.49066	6.66199	n/a	14.35466	n/a	n/a	8.50866	n/a	n/a	6.48365	7.09339	7.06648	9.21923	10.37533	11.97405	n/a	10.99626	8.37476	8.21764	5.13953	7.26988	n/a	10.75606	n/a
alpha_rarefaction_4650_9.txt	4650	9	11.76331	8.09967	n/a	9.91194	9.30098	6.64927	9.45626	n/a	7.5833	5.8428	10.0322	n/a	9.85561	7.1026	8.50343	n/a	n/a	n/a	7.13642	5.85232	6.37076	5.19422	n/a	7.21416	7.28941	10.1686	8.44239	6.8643	n/a	14.58412	n/a	n/a	9.4475	n/a	n/a	6.88514	7.00368	7.04477	8.80359	10.45607	11.89602	n/a	11.00496	8.2028	8.17701	5.20078	7.69957	n/a	10.23305	n/a
alpha_rarefaction_5230_0.txt	5230	0	11.32715	8.34231	n/a	9.82952	9.52055	7.1097	9.25325	n/a	7.41286	5.81601	n/a	n/a	10.20333	7.6336	8.73786	n/a	n/a	n/a	7.13642	6.16981	6.65043	n/a	n/a	7.08471	n/a	10.78166	8.50249	7.13282	n/a	14.71635	n/a	n/a	9.23544	n/a	n/a	6.55475	7.04838	7.18037	8.84643	10.35487	11.8867	n/a	11.04219	8.55437	8.54763	5.12248	7.63169	n/a	10.70624	n/a
alpha_rarefaction_5230_1.txt	5230	1	11.7822	8.21331	n/a	9.99681	9.41079	6.49502	9.25585	n/a	7.79709	5.83285	n/a	n/a	10.32619	7.68703	8.98691	n/a	n/a	n/a	7.13642	5.80204	7.12633	n/a	n/a	7.25484	n/a	11.00257	8.50249	6.70043	n/a	14.8376	n/a	n/a	9.11794	n/a	n/a	7.50377	6.93425	7.29803	8.7591	10.87822	11.94333	n/a	11.04219	8.42863	8.73841	5.20687	7.44979	n/a	10.74009	n/a
alpha_rarefaction_5230_2.txt	5230	2	11.78464	8.04526	n/a	9.99681	9.32189	7.1097	9.43867	n/a	7.87996	5.99826	n/a	n/a	10.20021	7.68331	8.82946	n/a	n/a	n/a	7.13628	5.98826	6.73353	n/a	n/a	7.3379	n/a	10.90475	8.50249	6.60347	n/a	14.93149	n/a	n/a	9.19825	n/a	n/a	6.64616	7.05327	7.25902	8.92245	10.72177	11.99112	n/a	11.04219	8.41127	8.62651	5.30304	7.64788	n/a	10.61455	n/a
alpha_rarefaction_5230_3.txt	5230	3	11.97222	8.34231	n/a	9.99622	9.42661	7.1097	9.36866	n/a	7.44089	5.94232	n/a	n/a	10.3505	7.10959	8.70123	n/a	n/a	n/a	7.11228	6.27985	6.57533	n/a	n/a	7.22581	n/a	11.05327	8.50249	6.64509	n/a	14.77327	n/a	n/a	9.22018	n/a	n/a	6.83675	6.91583	7.41084	9.31136	10.67985	11.99112	n/a	11.04219	8.32383	8.71695	5.26909	7.30988	n/a	10.76956	n/a
alpha_rarefaction_5230_4.txt	5230	4	11.90759	8.20642	n/a	9.99651	9.3127	7.07215	9.42279	n/a	7.36766	5.93201	n/a	n/a	10.34782	7.69598	8.79445	n/a	n/a	n/a	7.13642	6.4025	6.58074	n/a	n/a	7.34449	n/a	10.49671	8.50249	6.36611	n/a	14.92604	n/a	n/a	9.23438	n/a	n/a	7.29992	7.24144	7.57224	8.65107	10.3734	11.98556	n/a	11.04219	8.50447	8.9135	5.37465	7.63169	n/a	10.38153	n/a
alpha_rarefaction_5230_5.txt	5230	5	11.0239	8.2979	n/a	9.94715	9.55771	7.13102	9.063	n/a	7.86513	5.99826	n/a	n/a	10.07382	7.36539	8.76858	n/a	n/a	n/a	7.13642	6.34663	6.94888	n/a	n/a	7.25969	n/a	10.31907	8.50249	7.11896	n/a	14.82621	n/a	n/a	9.47263	n/a	n/a	7.09153	6.74697	7.31865	9.1863	10.88173	11.99112	n/a	10.98391	8.27565	8.74403	5.21114	7.4812	n/a	10.85585	n/a
alpha_rarefaction_5230_6.txt	5230	6	11.85359	8.34231	n/a	9.99681	9.26512	7.13102	8.5692	n/a	7.72285	5.78912	n/a	n/a	10.29138	7.92045	9.03437	n/a	n/a	n/a	7.13642	5.95825	7.17135	n/a	n/a	7.15698	n/a	10.84669	8.50249	7.02269	n/a	14.76926	n/a	n/a	9.66639	n/a	n/a	7.26674	7.1239	7.48866	9.10425	10.4738	11.99112	n/a	11.04219	8.46437	8.36051	4.81981	7.42309	n/a	10.72022	n/a
alpha_rarefaction_5230_7.txt	5230	7	11.91769	8.30015	n/a	9.99681	9.1838	7.13102	9.07479	n/a	7.48697	5.93274	n/a	n/a	10.19199	7.74459	9.16908	n/a	n/a	n/a	7.13642	5.96157	7.17951	n/a	n/a	7.41396	n/a	10.84164	8.50249	6.10364	n/a	14.82264	n/a	n/a	9.31833	n/a	n/a	7.26564	7.09202	7.03143	8.82614	10.96499	11.95825	n/a	11.04219	8.3276	8.88137	5.37465	7.69957	n/a	10.86945	n/a
alpha_rarefaction_5230_8.txt	5230	8	11.27909	8.34231	n/a	9.98014	9.51888	6.99449	9.12024	n/a	7.61514	5.98795	n/a	n/a	10.20224	7.65612	7.91652	n/a	n/a	n/a	6.96917	6.01412	6.61831	n/a	n/a	7.40864	n/a	11.00518	8.50249	6.68668	n/a	14.74848	n/a	n/a	9.55917	n/a	n/a	7.06129	6.72922	7.42159	9.22807	10.93019	11.99112	n/a	11.04219	8.37314	8.02108	5.14993	7.69957	n/a	10.8557	n/a
alpha_rarefaction_5230_9.txt	5230	9	11.29246	8.17692	n/a	9.99681	9.48559	7.07215	8.92637	n/a	7.63112	5.98068	n/a	n/a	10.19306	7.83133	9.17627	n/a	n/a	n/a	7.13642	6.37916	7.21727	n/a	n/a	7.24411	n/a	11.05327	8.50249	6.31978	n/a	15.03591	n/a	n/a	9.05132	n/a	n/a	7.053	7.09104	7.15184	8.87207	10.49812	11.99112	n/a	11.04219	8.40287	8.59836	5.10558	7.00307	n/a	10.85596	n/a
alpha_rarefaction_5810_0.txt	5810	0	11.58134	n/a	n/a	n/a	9.55694	n/a	9.31869	n/a	7.90865	5.99826	n/a	n/a	10.38717	7.60438	8.94016	n/a	n/a	n/a	n/a	6.4025	7.10182	n/a	n/a	7.47875	n/a	11.05327	n/a	6.12106	n/a	15.02868	n/a	n/a	9.3828	n/a	n/a	7.17893	7.11797	7.69576	8.66382	10.62186	n/a	n/a	n/a	8.47511	8.42503	5.3472	7.45435	n/a	10.90725	n/a
alpha_rarefaction_5810_1.txt	5810	1	11.7043	n/a	n/a	n/a	9.52055	n/a	8.92658	n/a	7.37095	5.99826	n/a	n/a	10.46063	7.15591	9.03911	n/a	n/a	n/a	n/a	6.4025	7.26184	n/a	n/a	7.29384	n/a	11.05327	n/a	7.07054	n/a	14.87253	n/a	n/a	9.75712	n/a	n/a	7.52858	7.02252	7.67498	9.08594	10.98865	n/a	n/a	n/a	8.49903	8.86434	5.37465	7.69942	n/a	10.90725	n/a
alpha_rarefaction_5810_2.txt	5810	2	11.52468	n/a	n/a	n/a	9.57125	n/a	9.2799	n/a	7.86599	5.99826	n/a	n/a	10.2221	7.86972	9.37837	n/a	n/a	n/a	n/a	6.4025	6.49827	n/a	n/a	7.51276	n/a	11.05327	n/a	7.23017	n/a	14.9144	n/a	n/a	9.68795	n/a	n/a	7.12476	7.20998	7.51189	8.5777	10.96189	n/a	n/a	n/a	8.33763	8.28011	5.0161	7.57614	n/a	10.86977	n/a
alpha_rarefaction_5810_3.txt	5810	3	11.60744	n/a	n/a	n/a	9.56616	n/a	9.13878	n/a	7.85704	5.94232	n/a	n/a	10.3436	8.0028	8.47133	n/a	n/a	n/a	n/a	6.09561	7.26184	n/a	n/a	7.47877	n/a	11.05327	n/a	7.08298	n/a	15.05314	n/a	n/a	9.26598	n/a	n/a	7.30111	7.16497	7.31243	9.09465	10.97906	n/a	n/a	n/a	8.65098	8.80856	5.22373	7.63169	n/a	10.90693	n/a
alpha_rarefaction_5810_4.txt	5810	4	11.52566	n/a	n/a	n/a	9.53248	n/a	8.91543	n/a	7.63981	5.99826	n/a	n/a	10.43884	8.11295	8.73289	n/a	n/a	n/a	n/a	6.4025	7.25461	n/a	n/a	7.25971	n/a	11.05327	n/a	7.25898	n/a	14.87965	n/a	n/a	9.23544	n/a	n/a	7.32891	7.18399	7.32513	9.36163	10.96926	n/a	n/a	n/a	8.59237	8.86858	5.31994	7.67698	n/a	10.90696	n/a
alpha_rarefaction_5810_5.txt	5810	5	11.49925	n/a	n/a	n/a	9.54599	n/a	9.14604	n/a	7.8277	5.98795	n/a	n/a	10.28601	7.96353	9.25184	n/a	n/a	n/a	n/a	6.0474	7.09641	n/a	n/a	7.39725	n/a	11.05327	n/a	7.23872	n/a	15.12237	n/a	n/a	9.5513	n/a	n/a	7.25318	7.19777	7.36047	8.24727	10.66049	n/a	n/a	n/a	8.2179	8.86154	5.33034	7.62147	n/a	10.58537	n/a
alpha_rarefaction_5810_6.txt	5810	6	11.9141	n/a	n/a	n/a	9.56094	n/a	9.32672	n/a	7.79974	5.98795	n/a	n/a	10.34562	7.77129	9.14303	n/a	n/a	n/a	n/a	6.4025	7.18674	n/a	n/a	7.44811	n/a	11.05327	n/a	6.86237	n/a	15.09659	n/a	n/a	9.6028	n/a	n/a	6.92538	7.09001	7.33407	9.27948	10.94361	n/a	n/a	n/a	7.87485	8.47099	5.06022	7.33422	n/a	10.90725	n/a
alpha_rarefaction_5810_7.txt	5810	7	11.64878	n/a	n/a	n/a	9.36942	n/a	9.35186	n/a	7.9168	5.94427	n/a	n/a	10.15591	7.23773	8.85534	n/a	n/a	n/a	n/a	6.03725	7.2617	n/a	n/a	7.17599	n/a	11.05327	n/a	7.23324	n/a	14.98752	n/a	n/a	8.79462	n/a	n/a	7.55715	6.79127	7.30545	8.49372	10.98851	n/a	n/a	n/a	8.38594	8.29692	5.39155	7.69943	n/a	10.90725	n/a
alpha_rarefaction_5810_8.txt	5810	8	11.87761	n/a	n/a	n/a	9.57125	n/a	9.42279	n/a	7.78233	5.99826	n/a	n/a	10.4477	7.67332	9.13174	n/a	n/a	n/a	n/a	6.23407	7.26184	n/a	n/a	7.43322	n/a	11.05327	n/a	7.17912	n/a	14.93687	n/a	n/a	9.39108	n/a	n/a	6.98988	7.23645	7.13408	8.74765	10.93413	n/a	n/a	n/a	8.31547	8.41234	5.16683	7.57585	n/a	10.90725	n/a
alpha_rarefaction_5810_9.txt	5810	9	12.03241	n/a	n/a	n/a	9.57125	n/a	9.40091	n/a	7.77244	5.99826	n/a	n/a	10.24567	7.76235	9.30749	n/a	n/a	n/a	n/a	6.4025	7.12647	n/a	n/a	7.44462	n/a	11.05327	n/a	7.17719	n/a	15.06194	n/a	n/a	9.55784	n/a	n/a	7.15466	7.16778	7.16482	8.39109	10.91018	n/a	n/a	n/a	8.64053	8.59618	5.39155	7.56993	n/a	10.90709	n/a